"dist" "year" "state" "obs" "pop_linear" "x1" "x2" "x3" "x4" "x5" "x6"
"Agra" 2001 "Uttar Pradesh" 63 786257 846 896 48.35 118.896 4.22601034792495 11.9322645117881
"Agra" 2002 "Uttar Pradesh" 50 815278 848 916 49.633 132.096 4.27801115802784 7.36467743660488
"Agra" 2003 "Uttar Pradesh" 55 844298 850 935 50.916 146.748 3.34426767306121 5.38798680659861
"Agra" 2004 "Uttar Pradesh" 70 873319 853 955 52.199 189.072 3.2522668950712 5.09955449147165
"Agra" 2005 "Uttar Pradesh" 38 902338 855 975 53.482 181.14 2.93305169235807 4.31031074790013
"Agra" 2006 "Uttar Pradesh" 63 931359 857 994 54.765 201.24 3.07519527489996 6.25039690020316
"Agra" 2007 "Uttar Pradesh" 78 960381 859 1014 56.048 224.544 3.01452116904601 5.22026836590895
"Agra" 2008 "Uttar Pradesh" 77 989400 861 1034 57.331 232.86 2.61869788731142 4.99714826202547
"Agra" 2009 "Uttar Pradesh" 83 1018421 864 1054 58.614 262.932 2.99094403378495 4.26268401665414
"Agra" 2010 "Uttar Pradesh" 80 1047441 866 1073 59.897 280.428 2.70107170214151 3.83228976543155
"Agra" 2011 "Uttar Pradesh" 87 1076462 868 1093 61.18 295.884 4.09613747814168 8.62225623851922
"Agra" 2012 "Uttar Pradesh" 88 1105483 870 1113 62.463 436.452 3.37198171587283 8.69616337251413
"Agra" 2013 "Uttar Pradesh" 98 1134503 872 1132 63.746 434.256 2.89227074350712 7.43726762616118
"Agra" 2014 "Uttar Pradesh" 87 1163524 875 1152 65.029 467.604 3.79448635551736 6.94945253875652
"Aligarh" 2001 "Uttar Pradesh" 44 628800 862 820 43.03 172.68 7.65301177761751 6.34966042684422
"Aligarh" 2002 "Uttar Pradesh" 38 652117 864 839 44.295 177.756 5.82779965203452 4.94380756998434
"Aligarh" 2003 "Uttar Pradesh" 33 675435 866 857 45.56 182.988 5.00376565440915 2.98301414012853
"Aligarh" 2004 "Uttar Pradesh" 36 698754 868 876 46.825 177.168 6.06481114869409 3.58232368368459
"Aligarh" 2005 "Uttar Pradesh" 43 722071 870 895 48.09 193.908 5.41826713349964 3.78662987170713
"Aligarh" 2006 "Uttar Pradesh" 50 745388 872 914 49.355 199.608 5.33836969808654 3.31763088581649
"Aligarh" 2007 "Uttar Pradesh" 70 768706 874 932 50.62 201.504 4.90491265414279 3.10250499207827
"Aligarh" 2008 "Uttar Pradesh" 88 792024 876 951 51.885 213 4.02370104653859 3.9658060674517
"Aligarh" 2009 "Uttar Pradesh" 83 815342 878 970 53.15 219.876 4.05540879513237 6.63612348294389
"Aligarh" 2010 "Uttar Pradesh" 95 838659 880 988 54.415 248.292 3.61184953368244 6.89029757194804
"Aligarh" 2011 "Uttar Pradesh" 95 861977 882 1007 55.68 254.736 4.5728109912956 4.84500212172986
"Aligarh" 2012 "Uttar Pradesh" 97 885295 884 1026 56.945 218.76 4.71992322258225 5.11991671602142
"Aligarh" 2013 "Uttar Pradesh" 97 908612 886 1044 58.21 233.832 4.83304822702891 8.22924427845464
"Aligarh" 2014 "Uttar Pradesh" 98 931930 888 1063 59.475 244.584 4.58131514457376 7.72936968525853
"Allahabad" 2001 "Uttar Pradesh" 56 1087233 879 901 46.38 126.768 3.38323435178141 7.45527090691952
"Allahabad" 2002 "Uttar Pradesh" 63 1122351 881 920 47.839 133.824 2.9028407278893 4.47355591626776
"Allahabad" 2003 "Uttar Pradesh" 40 1157469 883 938 49.298 141.288 2.32205225710309 3.1220870683739
"Allahabad" 2004 "Uttar Pradesh" 57 1192586 886 956 50.757 152.424 2.75766924093814 4.55781443988386
"Allahabad" 2005 "Uttar Pradesh" 40 1227704 888 975 52.216 157.464 2.70643064837245 3.72134214151212
"Allahabad" 2006 "Uttar Pradesh" 46 1262821 890 994 53.675 166.236 2.43479858405395 3.44929799407643
"Allahabad" 2007 "Uttar Pradesh" 63 1297939 892 1012 55.134 173.304 2.58868884177354 3.92829006059342
"Allahabad" 2008 "Uttar Pradesh" 68 1333057 894 1030 56.593 184.8 2.54058992142648 4.35275895629013
"Allahabad" 2009 "Uttar Pradesh" 70 1368174 897 1049 58.052 186.096 1.91798821867019 4.21957408107441
"Allahabad" 2010 "Uttar Pradesh" 84 1403292 899 1068 59.511 215.424 2.27593349208968 4.3122950376436
"Allahabad" 2011 "Uttar Pradesh" 75 1438410 901 1086 60.97 210.828 2.61991528604689 4.31614249047468
"Allahabad" 2012 "Uttar Pradesh" 63 1473528 903 1104 62.429 243.192 1.89546244421366 4.48318073761839
"Allahabad" 2013 "Uttar Pradesh" 66 1508646 905 1123 63.888 235.776 1.98965219100338 5.75866813005855
"Allahabad" 2014 "Uttar Pradesh" 53 1543763 908 1142 65.347 257.82 2.09556274114847 6.04855609376945
"Ambedkar Nagar" 2001 "Uttar Pradesh" 14 459174 978 863 45.3 90.684 2.26950242639412 4.68701588059654
"Ambedkar Nagar" 2002 "Uttar Pradesh" 16 473057 978 879 47.036 94.692 2.66830452049597 2.8623630310775
"Ambedkar Nagar" 2003 "Uttar Pradesh" 10 486941 978 894 48.772 98.88 0.572471286987012 1.14494257397402
"Ambedkar Nagar" 2004 "Uttar Pradesh" 4 500825 978 910 50.508 93.024 1.73569738444477 1.64187590420452
"Ambedkar Nagar" 2005 "Uttar Pradesh" 13 514708 978 926 52.244 107.808 2.16805368285434 2.02966727756576
"Ambedkar Nagar" 2006 "Uttar Pradesh" 15 528592 978 942 53.98 112.584 1.08863730279222 2.35871415604981
"Ambedkar Nagar" 2007 "Uttar Pradesh" 8 542474 978 957 55.716 123.588 1.15969851406937 1.73954777110406
"Ambedkar Nagar" 2008 "Uttar Pradesh" 13 556357 978 973 57.452 127.608 1.44739000493867 1.18422818585891
"Ambedkar Nagar" 2009 "Uttar Pradesh" 15 570241 978 989 59.188 127.872 1.55265104383436 0.948842304565441
"Ambedkar Nagar" 2010 "Uttar Pradesh" 18 584125 978 1004 60.924 141.6 1.56918094692012 1.18748828415577
"Ambedkar Nagar" 2011 "Uttar Pradesh" 16 598008 978 1020 62.66 139.308 1.75154135639363 2.16857501267782
"Ambedkar Nagar" 2012 "Uttar Pradesh" 9 611891 978 1036 64.396 147.78 1.4352879905353 1.27125507733127
"Ambedkar Nagar" 2013 "Uttar Pradesh" 17 625775 978 1051 66.132 151.464 1.2903891813771 0.927467224114793
"Ambedkar Nagar" 2014 "Uttar Pradesh" 11 639659 978 1067 67.868 150.564 0.951660032142318 0.872355029463791
"Auraiya" 2001 "Uttar Pradesh" 21 250801 856 586 59.13 136.116 4.49155206852922 3.05086555598211
"Auraiya" 2002 "Uttar Pradesh" 29 258042 857 596 60.278 141.348 4.67221492188641 3.0869991448178
"Auraiya" 2003 "Uttar Pradesh" 16 265281 858 606 61.426 146.772 2.62844685896493 1.64277928685308
"Auraiya" 2004 "Uttar Pradesh" 20 272522 858 615 62.574 128.22 3.80068250553929 1.85990846015753
"Auraiya" 2005 "Uttar Pradesh" 22 279762 859 625 63.722 158.244 4.37865318996827 2.46796816161848
"Auraiya" 2006 "Uttar Pradesh" 22 287001 860 635 64.87 164.316 4.38914814472276 2.27295171780286
"Auraiya" 2007 "Uttar Pradesh" 34 294242 861 645 66.018 168.78 2.85501537464361 2.23771475309904
"Auraiya" 2008 "Uttar Pradesh" 12 301482 862 655 67.166 194.436 1.97512407197656 0.455797862763821
"Auraiya" 2009 "Uttar Pradesh" 26 308723 862 664 68.314 181.332 3.06633300974795 1.64534941986475
"Auraiya" 2010 "Uttar Pradesh" 17 315962 863 674 69.462 194.352 2.06161580611387 0.883549631191658
"Auraiya" 2011 "Uttar Pradesh" 25 323203 864 684 70.61 245.556 2.10214237302879 1.15980268856761
"Auraiya" 2012 "Uttar Pradesh" 18 330444 865 694 71.758 219.876 1.71273324393817 2.21228044008681
"Auraiya" 2013 "Uttar Pradesh" 28 337683 866 704 72.906 195.54 1.89695328225611 1.75643822431121
"Auraiya" 2014 "Uttar Pradesh" 34 344924 866 713 74.054 187.404 2.35172218690796 1.79837578998844
"Azamgarh" 2001 "Uttar Pradesh" 32 896694 1020 972 43.4 82.428 3.04575021396395 3.68028150853978
"Azamgarh" 2002 "Uttar Pradesh" 23 922781 1020 989 45.151 85.86 2.77317802203952 2.97304670831264
"Azamgarh" 2003 "Uttar Pradesh" 16 948871 1020 1005 46.902 89.448 2.18870148029997 1.86900351126739
"Azamgarh" 2004 "Uttar Pradesh" 27 974959 1020 1022 48.653 86.412 2.66275354860324 2.32385764241737
"Azamgarh" 2005 "Uttar Pradesh" 27 1001046 1020 1038 50.404 97.056 2.001517340765 2.02534492815506
"Azamgarh" 2006 "Uttar Pradesh" 29 1027136 1020 1055 52.155 101.1 1.50107291532049 1.66525276543367
"Azamgarh" 2007 "Uttar Pradesh" 29 1053223 1019 1072 53.906 102.18 1.24668675679288 1.22359996500042
"Azamgarh" 2008 "Uttar Pradesh" 35 1079311 1019 1088 55.657 109.896 1.68165574916059 1.40895481686428
"Azamgarh" 2009 "Uttar Pradesh" 31 1105398 1019 1105 57.408 120.192 1.45398679824725 1.56583193657396
"Azamgarh" 2010 "Uttar Pradesh" 23 1131487 1019 1121 59.159 139.704 1.49726177244087 1.25505766219308
"Azamgarh" 2011 "Uttar Pradesh" 27 1157575 1019 1138 60.91 118.608 1.19204675077315 1.64719187379563
"Azamgarh" 2012 "Uttar Pradesh" 25 1183663 1019 1155 62.661 127.908 1.55738217283827 1.53604817047063
"Azamgarh" 2013 "Uttar Pradesh" 36 1209752 1019 1171 64.412 129.3 1.42798283564632 1.80597829214093
"Azamgarh" 2014 "Uttar Pradesh" 34 1235839 1019 1188 66.163 135.156 1.40560978866657 2.95591470263705
"Baghpat" 2001 "Uttar Pradesh" 20 247927 847 881 49.17 252.012 7.64610722935143 3.86600927326758
"Baghpat" 2002 "Uttar Pradesh" 17 253647 848 892 50.248 259.056 8.06998974686566 2.37852329381304
"Baghpat" 2003 "Uttar Pradesh" 10 259364 850 902 51.326 266.292 6.80351531756878 1.25991024399422
"Baghpat" 2004 "Uttar Pradesh" 16 265083 851 912 52.404 261.36 7.05937264601067 1.91018318656759
"Baghpat" 2005 "Uttar Pradesh" 10 270802 853 923 53.482 281.364 6.8159160673314 1.88874782588701
"Baghpat" 2006 "Uttar Pradesh" 12 276521 854 934 54.56 289.224 7.71380641431423 3.49151237700539
"Baghpat" 2007 "Uttar Pradesh" 22 282240 855 944 55.638 274.476 6.50322953590224 2.08745639424023
"Baghpat" 2008 "Uttar Pradesh" 15 287958 857 954 56.716 299.256 5.2394633201844 3.33420393102643
"Baghpat" 2009 "Uttar Pradesh" 16 293678 858 965 57.794 328.176 5.96561763373777 2.11936415935421
"Baghpat" 2010 "Uttar Pradesh" 14 299396 860 976 58.872 376.668 4.03593221496617 2.87172099911054
"Baghpat" 2011 "Uttar Pradesh" 17 305115 861 986 59.95 357.996 5.06504748865736 4.98830434488983
"Baghpat" 2012 "Uttar Pradesh" 19 310834 862 996 61.028 330.408 6.07055809675863 3.49057090563621
"Baghpat" 2013 "Uttar Pradesh" 12 316552 864 1007 62.106 330.48 5.9274020796928 3.97661152181922
"Baghpat" 2014 "Uttar Pradesh" 14 322272 865 1018 63.184 339.264 6.15764003623363 2.52240676183064
"Bahraich" 2001 "Uttar Pradesh" 19 502247 867 483 22.78 98.448 1.80590927111822 3.3178333120544
"Bahraich" 2002 "Uttar Pradesh" 16 528295 870 501 24.42 101.484 2.38507766055413 2.46592775074241
"Bahraich" 2003 "Uttar Pradesh" 7 554346 872 520 26.06 104.604 1.59535432819629 1.47862108466973
"Bahraich" 2004 "Uttar Pradesh" 16 580393 874 538 27.7 109.188 1.68542292692044 2.84649205435452
"Bahraich" 2005 "Uttar Pradesh" 21 606442 877 556 29.34 111.144 1.80255790176492 1.98281369194141
"Bahraich" 2006 "Uttar Pradesh" 24 632491 880 574 30.98 114.564 1.94325689856199 1.76975181833324
"Bahraich" 2007 "Uttar Pradesh" 28 658541 882 593 32.62 119.592 1.43626187128889 1.80367769882791
"Bahraich" 2008 "Uttar Pradesh" 27 684590 884 611 34.26 121.188 1.478924204813 1.9611820976868
"Bahraich" 2009 "Uttar Pradesh" 32 710637 887 629 35.9 125.328 1.17596597868531 2.35193195737061
"Bahraich" 2010 "Uttar Pradesh" 42 736688 890 648 37.54 126.288 1.72767493974734 2.91917489819378
"Bahraich" 2011 "Uttar Pradesh" 62 762736 892 666 39.18 129.252 1.51961260773838 2.12172326363472
"Bahraich" 2012 "Uttar Pradesh" 38 788784 894 684 40.82 138.54 1.13152423766314 2.04226325822128
"Bahraich" 2013 "Uttar Pradesh" 42 814835 897 703 42.46 143.34 1.24853529542869 1.62043942598191
"Bahraich" 2014 "Uttar Pradesh" 51 840882 900 721 44.1 148.032 1.35519475554971 2.14785583898445
"Ballia" 2001 "Uttar Pradesh" 19 620858 953 926 43.16 77.136 1.99158464958973 4.52632874906758
"Ballia" 2002 "Uttar Pradesh" 16 636205 951 942 44.819 82.008 1.53239063987288 2.49458941374654
"Ballia" 2003 "Uttar Pradesh" 8 651551 950 958 46.478 87.192 1.1223179232068 1.33275253380807
"Ballia" 2004 "Uttar Pradesh" 11 666898 948 974 48.137 86.496 1.69132433456742 1.93294209664849
"Ballia" 2005 "Uttar Pradesh" 12 682245 947 990 49.796 98.568 1.22292079685519 1.73247112887819
"Ballia" 2006 "Uttar Pradesh" 11 697591 945 1006 51.455 104.808 1.17011538674988 1.77188901422125
"Ballia" 2007 "Uttar Pradesh" 13 712938 943 1023 53.114 113.064 1.05287193852807 1.61221015587111
"Ballia" 2008 "Uttar Pradesh" 20 728285 942 1039 54.773 120.516 1.03619258804966 2.00762313934621
"Ballia" 2009 "Uttar Pradesh" 31 743632 940 1055 56.432 119.868 0.732965172363134 2.23076356806171
"Ballia" 2010 "Uttar Pradesh" 30 758978 939 1071 58.091 142.824 0.658627232667911 1.12907525600213
"Ballia" 2011 "Uttar Pradesh" 17 774325 937 1087 59.75 151.608 1.0185895682847 2.0371791365694
"Ballia" 2012 "Uttar Pradesh" 28 789672 935 1103 61.409 155.772 1.36698174076923 2.94660508565811
"Ballia" 2013 "Uttar Pradesh" 24 805018 934 1119 63.068 158.136 1.04636503251355 3.25867967268506
"Ballia" 2014 "Uttar Pradesh" 24 820365 932 1135 64.727 160.224 1.05921107605253 2.35380239122785
"Balrampur" 2001 "Uttar Pradesh" 12 358548 895 502 21.79 109.668 1.54545724730288 2.25874520759652
"Balrampur" 2002 "Uttar Pradesh" 5 370835 898 516 23.454 112.332 1.45010171013395 2.08814646259289
"Balrampur" 2003 "Uttar Pradesh" 3 383120 902 530 25.118 115.056 0.849032894930481 1.01883947391658
"Balrampur" 2004 "Uttar Pradesh" 3 395406 905 544 26.782 119.88 1.21515206247207 1.10468369315643
"Balrampur" 2005 "Uttar Pradesh" 4 407692 908 558 28.446 120.708 0.862388179245227 0.916287440448054
"Balrampur" 2006 "Uttar Pradesh" 9 419978 912 572 30.11 123.636 0.736352237248483 0.841545413998266
"Balrampur" 2007 "Uttar Pradesh" 10 432264 915 586 31.774 124.764 1.0265075032566 1.28313437907074
"Balrampur" 2008 "Uttar Pradesh" 5 444550 918 600 33.438 125.388 0.751273784701962 0.651103946741701
"Balrampur" 2009 "Uttar Pradesh" 10 456836 921 614 35.102 125.04 0.733116689205932 0.733116689205932
"Balrampur" 2010 "Uttar Pradesh" 5 469121 925 628 36.766 126.696 1.0015571829535 0.572318390259141
"Balrampur" 2011 "Uttar Pradesh" 16 481408 928 642 38.43 166.272 0.744648421228996 1.30313473715074
"Balrampur" 2012 "Uttar Pradesh" 5 493695 931 656 40.094 151.476 1.04456097102388 1.4987179149473
"Balrampur" 2013 "Uttar Pradesh" 7 505980 935 670 41.758 143.676 0.930679449179584 1.63976855331641
"Balrampur" 2014 "Uttar Pradesh" 13 518266 938 684 43.422 138.156 1.21091501495696 1.0379271556774
"Banda" 2001 "Uttar Pradesh" 21 317889 860 345 36.78 93.78 4.87857550798981 5.65914758926817
"Banda" 2002 "Uttar Pradesh" 21 325077 860 351 38.469 101.412 4.80238505651447 4.48222605274684
"Banda" 2003 "Uttar Pradesh" 13 332265 861 358 40.158 109.656 3.08855582911336 1.5127620387494
"Banda" 2004 "Uttar Pradesh" 27 339454 861 364 41.847 130.248 4.09512351450946 3.78488688462238
"Banda" 2005 "Uttar Pradesh" 22 346641 861 370 43.536 128.22 3.97009116550882 2.3820546993053
"Banda" 2006 "Uttar Pradesh" 17 353831 862 376 45.225 138.648 3.00622047139942 2.76572283368747
"Banda" 2007 "Uttar Pradesh" 16 361018 862 383 46.914 140.82 2.90008439837453 2.95926979425973
"Banda" 2008 "Uttar Pradesh" 36 368205 862 389 48.603 158.136 2.15565959688 4.89392989561947
"Banda" 2009 "Uttar Pradesh" 24 375394 862 395 50.292 161.124 1.31907660049873 2.98226014025799
"Banda" 2010 "Uttar Pradesh" 20 382582 863 402 51.981 185.688 2.08885303338156 3.105051806378
"Banda" 2011 "Uttar Pradesh" 29 389770 863 408 53.67 196.392 2.22295085611395 3.27885251276807
"Banda" 2012 "Uttar Pradesh" 36 396958 863 414 55.359 263.448 2.18823408415292 2.29764578836056
"Banda" 2013 "Uttar Pradesh" 32 404146 864 421 57.048 239.016 2.42331552645184 4.52352231604343
"Banda" 2014 "Uttar Pradesh" 39 411335 864 427 58.737 246.06 2.22643831891184 4.55889751015282
"Barabanki" 2001 "Uttar Pradesh" 35 574227 887 607 34.29 168.396 3.29146564102602 5.98448298368368
"Barabanki" 2002 "Uttar Pradesh" 27 590627 889 620 36.095 168.3 2.86008885342705 3.63011277550356
"Barabanki" 2003 "Uttar Pradesh" 16 607027 892 634 37.9 168.192 1.97708735490875 2.40845186870702
"Barabanki" 2004 "Uttar Pradesh" 25 623426 894 647 39.705 180.804 1.72678218017175 3.0306789284647
"Barabanki" 2005 "Uttar Pradesh" 21 639827 896 661 41.51 168 1.69283946181524 2.72927178537559
"Barabanki" 2006 "Uttar Pradesh" 25 656226 898 674 43.315 167.904 2.67562425023251 1.8966450381395
"Barabanki" 2007 "Uttar Pradesh" 35 672626 901 687 45.12 145.788 2.05858056221827 2.49021842203823
"Barabanki" 2008 "Uttar Pradesh" 47 689026 903 701 46.925 159.84 1.75771408632069 2.60402086862324
"Barabanki" 2009 "Uttar Pradesh" 39 705426 905 714 48.73 175.812 1.53170094432554 3.44632712473247
"Barabanki" 2010 "Uttar Pradesh" 20 721827 908 728 50.535 184.02 1.47030990691687 2.18982326562087
"Barabanki" 2011 "Uttar Pradesh" 25 738226 910 741 52.34 158.904 2.17744722833969 1.84009624930115
"Barabanki" 2012 "Uttar Pradesh" 31 754625 912 754 54.145 163.488 2.19477715194893 1.5934683431958
"Barabanki" 2013 "Uttar Pradesh" 26 771026 915 768 55.95 167.472 1.68004414094922 1.68004414094922
"Barabanki" 2014 "Uttar Pradesh" 25 787426 917 781 57.755 171.624 1.64702041005029 0.837957752481727
"Bareilly" 2001 "Uttar Pradesh" 57 771997 871 878 35.22 129.24 7.51674202292662 5.80336700299481
"Bareilly" 2002 "Uttar Pradesh" 62 798013 873 898 36.528 138.192 6.41568437215084 5.27872764797221
"Bareilly" 2003 "Uttar Pradesh" 37 824029 874 918 37.836 147.768 5.14434801885589 2.83734658771949
"Bareilly" 2004 "Uttar Pradesh" 44 850043 876 939 39.144 168.132 5.55874043097902 4.10411676679759
"Bareilly" 2005 "Uttar Pradesh" 37 876060 877 959 40.452 168.96 5.69960196931426 3.0279135461982
"Bareilly" 2006 "Uttar Pradesh" 31 902075 879 979 41.76 180.672 4.48645091822695 2.941117824171
"Bareilly" 2007 "Uttar Pradesh" 54 928090 881 999 43.068 192.864 3.3693298207663 2.53920508231663
"Bareilly" 2008 "Uttar Pradesh" 47 954106 882 1019 44.376 199.692 3.10915006121438 3.51573122306549
"Bareilly" 2009 "Uttar Pradesh" 47 980121 884 1040 45.684 209.76 3.18618619603573 3.0221913182986
"Bareilly" 2010 "Uttar Pradesh" 55 1006138 885 1060 46.992 214.248 2.63914974397953 2.29491282085176
"Bareilly" 2011 "Uttar Pradesh" 63 1032153 887 1080 48.3 265.548 2.60770320021383 2.8999458002378
"Bareilly" 2012 "Uttar Pradesh" 61 1058168 889 1100 49.608 284.52 2.51037732732898 3.21504464728097
"Bareilly" 2013 "Uttar Pradesh" 58 1084185 890 1120 50.916 307.164 2.45908163654903 3.04149570836327
"Bareilly" 2014 "Uttar Pradesh" 74 1110200 892 1141 52.224 293.304 2.78917630552468 3.19064865253202
"Basti" 2001 "Uttar Pradesh" 22 459699 938 776 36.92 78.588 2.30236366409665 4.84455687653671
"Basti" 2002 "Uttar Pradesh" 24 472907 940 790 38.851 83.292 2.16982667330193 3.63210117052715
"Basti" 2003 "Uttar Pradesh" 14 486116 943 804 40.782 88.296 1.76272758900615 1.62356488461092
"Basti" 2004 "Uttar Pradesh" 17 499324 946 818 42.713 101.58 1.55101139628432 1.82471928974626
"Basti" 2005 "Uttar Pradesh" 7 512532 948 832 44.644 99.192 1.12152937128409 1.16639054613546
"Basti" 2006 "Uttar Pradesh" 12 525741 950 846 46.575 105.144 1.32350761281579 1.41174145367017
"Basti" 2007 "Uttar Pradesh" 13 538949 953 861 48.506 115.308 1.04124004748055 1.25816505737233
"Basti" 2008 "Uttar Pradesh" 15 552157 956 875 50.437 113.52 1.10929594266476 1.23729162835685
"Basti" 2009 "Uttar Pradesh" 15 565365 958 889 52.368 119.292 1.00697751503124 1.51046627254686
"Basti" 2010 "Uttar Pradesh" 14 578574 960 903 54.299 124.152 0.990271408636322 0.701442247784061
"Basti" 2011 "Uttar Pradesh" 11 591782 963 917 56.23 135.552 0.852112264573554 0.365190970531523
"Basti" 2012 "Uttar Pradesh" 21 604990 966 931 58.161 149.652 1.31681856634371 1.43652934510223
"Basti" 2013 "Uttar Pradesh" 11 618199 968 945 60.092 156.996 1.05952281446931 1.41269708595909
"Basti" 2014 "Uttar Pradesh" 15 631407 970 959 62.023 180.444 1.19630703876189 0.926173191299529
"Bijnor" 2001 "Uttar Pradesh" 31 680959 896 687 46.1 227.244 3.95961322242584 4.2150721400017
"Bijnor" 2002 "Uttar Pradesh" 34 703307 898 699 47.462 228.78 3.36182400631395 2.16790520033329
"Bijnor" 2003 "Uttar Pradesh" 24 725652 900 711 48.824 230.316 2.5040110547451 1.54568583626241
"Bijnor" 2004 "Uttar Pradesh" 21 747998 902 723 50.186 210.732 2.61583192732367 1.4295825649327
"Bijnor" 2005 "Uttar Pradesh" 26 770344 904 735 51.548 233.448 1.85550966660681 1.07739270964266
"Bijnor" 2006 "Uttar Pradesh" 18 792693 906 747 52.91 235.02 2.53238657411088 0.912837020900434
"Bijnor" 2007 "Uttar Pradesh" 26 815040 909 759 54.272 244.752 2.86831562945186 1.04302386525522
"Bijnor" 2008 "Uttar Pradesh" 19 837385 911 771 55.634 244.908 2.65115276683425 1.02625268393584
"Bijnor" 2009 "Uttar Pradesh" 22 859732 913 783 56.996 257.028 2.21584333594934 1.20609194235217
"Bijnor" 2010 "Uttar Pradesh" 27 882078 915 795 58.358 250.512 2.40099483979293 1.49027265918182
"Bijnor" 2011 "Uttar Pradesh" 30 904425 917 807 59.72 248.736 2.30808102613481 1.22192524913019
"Bijnor" 2012 "Uttar Pradesh" 19 926772 919 819 61.082 236.472 2.37783790946903 1.97707871124391
"Bijnor" 2013 "Uttar Pradesh" 31 949118 921 831 62.444 237.9 2.18187763977621 2.26074068699703
"Bijnor" 2014 "Uttar Pradesh" 26 971465 923 843 63.806 239.136 2.17265971570748 2.43130968186313
"Budaun" 2001 "Uttar Pradesh" 62 613772 842 594 25.14 136.524 7.7864721286651 3.84436699239532
"Budaun" 2002 "Uttar Pradesh" 44 631060 845 606 26.635 142.212 6.59035293899349 2.78330439656521
"Budaun" 2003 "Uttar Pradesh" 28 648350 848 618 28.13 148.128 5.71756905299778 2.38755630784523
"Budaun" 2004 "Uttar Pradesh" 50 665641 851 629 29.625 140.388 6.5399499940616 2.65299858249669
"Budaun" 2005 "Uttar Pradesh" 32 682930 854 641 31.12 160.716 5.42238238277052 1.27229083841543
"Budaun" 2006 "Uttar Pradesh" 33 700218 856 653 32.615 167.4 5.02715556399034 1.21960578771363
"Budaun" 2007 "Uttar Pradesh" 31 717508 859 665 34.11 175.5 2.5704958486492 0.759464682555447
"Budaun" 2008 "Uttar Pradesh" 32 734798 862 677 35.605 195.564 1.95048073613438 0.688404965694486
"Budaun" 2009 "Uttar Pradesh" 43 752088 865 688 37.1 197.796 3.09830441066166 1.23932176426466
"Budaun" 2010 "Uttar Pradesh" 48 769377 868 700 38.595 185.52 2.32332111008283 0.802098954671452
"Budaun" 2011 "Uttar Pradesh" 48 786666 871 712 40.09 202.644 4.5900264428979 3.12339077475301
"Budaun" 2012 "Uttar Pradesh" 47 803955 874 724 41.585 245.376 4.93399646245789 4.10721867685684
"Budaun" 2013 "Uttar Pradesh" 58 821244 877 736 43.08 217.824 4.97598693462967 3.01178156569691
"Budaun" 2014 "Uttar Pradesh" 56 838534 880 747 44.575 209.592 4.96342495867242 2.72602614310506
"Bulandshahr" 2001 "Uttar Pradesh" 45 618485 879 656 42.48 214.032 8.581858226329 3.74169018667945
"Bulandshahr" 2002 "Uttar Pradesh" 47 640045 881 668 43.789 221.952 7.31375538757511 3.3366902459444
"Bulandshahr" 2003 "Uttar Pradesh" 25 661605 882 680 45.098 230.172 4.76521551514462 1.68768049494705
"Bulandshahr" 2004 "Uttar Pradesh" 36 683164 884 692 46.407 240.612 6.46565308619593 2.53427608403659
"Bulandshahr" 2005 "Uttar Pradesh" 41 704724 886 704 47.716 247.548 6.31631734454363 1.81833378100498
"Bulandshahr" 2006 "Uttar Pradesh" 33 726285 888 716 49.025 256.716 5.54384839547873 1.53473769140371
"Bulandshahr" 2007 "Uttar Pradesh" 36 747845 889 728 50.334 253.056 4.48983344870565 1.93739388540038
"Bulandshahr" 2008 "Uttar Pradesh" 29 769406 891 740 51.643 273 3.14014781641971 1.17755543115739
"Bulandshahr" 2009 "Uttar Pradesh" 53 790964 893 752 52.952 286.908 3.4981474641099 1.95659095450215
"Bulandshahr" 2010 "Uttar Pradesh" 40 812523 894 764 54.261 310.644 3.46371755857394 1.62998473344656
"Bulandshahr" 2011 "Uttar Pradesh" 50 834084 896 776 55.57 325.356 4.62966799850593 3.08644533233729
"Bulandshahr" 2012 "Uttar Pradesh" 48 855645 898 788 56.879 309.216 3.92827750923636 2.18861175514597
"Bulandshahr" 2013 "Uttar Pradesh" 52 877204 899 800 58.188 332.592 5.09665601511475 3.00289462512167
"Bulandshahr" 2014 "Uttar Pradesh" 55 898762 901 812 59.497 334.608 4.62539694561507 3.21884348846897
"Chandauli" 2001 "Uttar Pradesh" 16 361648 922 647 44.13 115.788 2.12992415644354 3.16445874671611
"Chandauli" 2002 "Uttar Pradesh" 14 371432 922 659 45.752 120.324 1.61497355630336 2.69162259383894
"Chandauli" 2003 "Uttar Pradesh" 11 381215 921 671 47.374 125.028 1.76371508946445 0.999438550696521
"Chandauli" 2004 "Uttar Pradesh" 10 391003 921 683 48.996 123.048 1.32904802023851 1.09790923411008
"Chandauli" 2005 "Uttar Pradesh" 9 400786 920 695 50.618 135 1.64708715476485 0.965533849344914
"Chandauli" 2006 "Uttar Pradesh" 12 410570 920 708 52.24 140.28 1.50725912743094 1.0048394182873
"Chandauli" 2007 "Uttar Pradesh" 22 420354 920 720 53.862 151.836 0.932778494736935 2.35938089845225
"Chandauli" 2008 "Uttar Pradesh" 19 430139 919 732 55.484 156.696 1.2943343211621 2.85832162589963
"Chandauli" 2009 "Uttar Pradesh" 13 439925 919 744 57.106 148.98 1.32519838219782 1.6962539292132
"Chandauli" 2010 "Uttar Pradesh" 15 449706 918 756 58.728 163.44 1.30252632796467 1.09412211549032
"Chandauli" 2011 "Uttar Pradesh" 17 459492 918 768 60.35 181.5 0.97298382388788 1.22903219859522
"Chandauli" 2012 "Uttar Pradesh" 14 469278 918 780 61.972 182.112 1.25833901263674 1.25833901263674
"Chandauli" 2013 "Uttar Pradesh" 16 479059 917 792 63.594 175.14 1.53364520750714 1.53364520750714
"Chandauli" 2014 "Uttar Pradesh" 20 488845 917 804 65.216 186.06 0.972520461830517 2.52855320075934
"Chitrakoot" 2001 "Uttar Pradesh" 8 156218 873 243 50.3 50.628 3.65427909556592 3.00172925707201
"Chitrakoot" 2002 "Uttar Pradesh" 9 161890 874 250 50.544 57.9 3.17965428254917 2.54372342603933
"Chitrakoot" 2003 "Uttar Pradesh" 6 167563 874 256 50.788 66.216 3.71841208930138 1.73525897500731
"Chitrakoot" 2004 "Uttar Pradesh" 8 173235 875 262 51.032 91.644 3.01976131806542 2.1742281490071
"Chitrakoot" 2005 "Uttar Pradesh" 12 178908 875 269 51.276 86.604 2.70742717903745 1.29485647693095
"Chitrakoot" 2006 "Uttar Pradesh" 9 184580 876 276 51.52 99.048 4.12978538881929 2.8679065200134
"Chitrakoot" 2007 "Uttar Pradesh" 7 190252 877 282 51.764 90.048 2.57128036346725 3.01845955711373
"Chitrakoot" 2008 "Uttar Pradesh" 17 195925 877 288 52.008 111.18 3.05053427928949 3.81316784911186
"Chitrakoot" 2009 "Uttar Pradesh" 9 201597 878 295 52.252 114.732 2.22963309794778 3.29136314458958
"Chitrakoot" 2010 "Uttar Pradesh" 15 207270 878 302 52.496 123.06 2.06938010684209 2.58672513355262
"Chitrakoot" 2011 "Uttar Pradesh" 14 212942 879 308 52.74 302.532 2.42001351174211 5.14252871245198
"Chitrakoot" 2012 "Uttar Pradesh" 22 218614 880 314 52.984 292.284 3.34104065555148 6.68208131110297
"Chitrakoot" 2013 "Uttar Pradesh" 14 224287 880 321 53.228 252.168 1.9152666865216 4.02206004169536
"Chitrakoot" 2014 "Uttar Pradesh" 23 229959 881 328 53.472 217.2 3.07970558014654 5.78611351421471
"Deoria" 2001 "Uttar Pradesh" 27 627027 1002 1068 42.51 71.832 1.76948740161834 3.20719591543325
"Deoria" 2002 "Uttar Pradesh" 15 642871 1004 1083 44.197 75.888 1.41860275630878 1.92784477139398
"Deoria" 2003 "Uttar Pradesh" 21 658714 1005 1099 45.884 80.184 1.22029567046274 1.5074240635128
"Deoria" 2004 "Uttar Pradesh" 16 674559 1006 1114 47.571 89.604 1.55821987544865 2.3019157250946
"Deoria" 2005 "Uttar Pradesh" 17 690402 1008 1129 49.258 89.496 1.36279533784221 1.25796492723896
"Deoria" 2006 "Uttar Pradesh" 23 706245 1010 1144 50.945 94.56 1.10333147490938 1.86187186390958
"Deoria" 2007 "Uttar Pradesh" 25 722089 1011 1160 52.632 101.436 1.05464848225877 1.36083675130164
"Deoria" 2008 "Uttar Pradesh" 36 737932 1012 1175 54.319 102.084 1.10777064179531 1.20847706377671
"Deoria" 2009 "Uttar Pradesh" 30 753777 1014 1190 56.006 102.048 0.629331623317863 1.55676769978629
"Deoria" 2010 "Uttar Pradesh" 21 769620 1016 1206 57.693 118.596 1.11120661677785 1.17657171188243
"Deoria" 2011 "Uttar Pradesh" 27 785464 1017 1221 59.38 126.036 1.09643960262449 1.45117006229712
"Deoria" 2012 "Uttar Pradesh" 29 801308 1018 1236 61.067 128.328 1.11368850450726 1.49552456319546
"Deoria" 2013 "Uttar Pradesh" 37 817151 1020 1252 62.754 145.884 1.56984096883049 3.13968193766099
"Deoria" 2014 "Uttar Pradesh" 31 832996 1022 1267 64.441 147.18 1.30114265108435 1.70387728118188
"Etah" 2001 "Uttar Pradesh" 68 568687 850 636 43.43 125.592 15.3678191463817 8.70843084961628
"Etah" 2002 "Uttar Pradesh" 81 552371 852 645 44.967 132.828 13.2761825285438 4.36217425937867
"Etah" 2003 "Uttar Pradesh" 38 536055 855 655 46.504 140.472 8.55120172472121 3.24571160354382
"Etah" 2004 "Uttar Pradesh" 47 519739 857 664 48.041 147.216 9.12055088127323 4.12889803408991
"Etah" 2005 "Uttar Pradesh" 43 503423 859 674 49.578 157.116 8.82226423107274 3.95480810358433
"Etah" 2006 "Uttar Pradesh" 46 487107 862 683 51.115 166.164 8.2898018617213 2.64312523127346
"Etah" 2007 "Uttar Pradesh" 56 470789 864 692 52.652 193.836 8.36251316651009 4.80399692544197
"Etah" 2008 "Uttar Pradesh" 34 454472 866 702 54.189 187.476 7.26093092161122 4.91869514044631
"Etah" 2009 "Uttar Pradesh" 42 438157 868 711 55.726 187.26 6.24377068249039 3.35313610726336
"Etah" 2010 "Uttar Pradesh" 30 421842 871 721 57.263 199.86 5.82205405491795 3.08226391142715
"Etah" 2011 "Uttar Pradesh" 30 405525 873 730 58.8 219.024 5.6354537667373 2.47959965736441
"Etah" 2012 "Uttar Pradesh" 38 389208 875 739 60.337 205.476 6.84363300099984 3.44963614684545
"Etah" 2013 "Uttar Pradesh" 32 372893 878 749 61.874 257.904 5.82291206029461 5.10878133591885
"Etah" 2014 "Uttar Pradesh" 42 356578 880 758 63.411 274.812 4.61005697488061 5.36936047662565
"Etawah" 2001 "Uttar Pradesh" 29 287121 858 579 57.38 123.612 6.12456315806377 3.58511014130562
"Etawah" 2002 "Uttar Pradesh" 25 295981 859 590 58.603 129.984 6.24365075808938 4.18691874365994
"Etawah" 2003 "Uttar Pradesh" 16 304838 860 600 59.826 136.68 3.17856376596235 3.1063236803723
"Etawah" 2004 "Uttar Pradesh" 13 313696 862 610 61.049 152.136 5.04422936608246 2.84181936117322
"Etawah" 2005 "Uttar Pradesh" 29 322555 863 621 62.272 151.128 4.68133718553816 2.44547464916173
"Etawah" 2006 "Uttar Pradesh" 30 331415 864 632 63.495 158.916 5.49722390192953 1.99274366444945
"Etawah" 2007 "Uttar Pradesh" 28 340273 865 642 64.718 162.696 4.46021588796478 3.51410948748741
"Etawah" 2008 "Uttar Pradesh" 28 349130 866 652 65.941 173.328 4.65230654712454 4.7852295913281
"Etawah" 2009 "Uttar Pradesh" 35 357990 868 663 67.164 174.876 2.94131296288913 3.00667547317555
"Etawah" 2010 "Uttar Pradesh" 29 366849 869 674 68.387 189.252 2.82839424987449 2.31414074989731
"Etawah" 2011 "Uttar Pradesh" 42 375707 870 684 69.61 210.156 3.72990435007997 1.89656153393897
"Etawah" 2012 "Uttar Pradesh" 26 384565 871 694 70.833 218.364 3.66822576623952 3.23301253973652
"Etawah" 2013 "Uttar Pradesh" 30 393424 872 705 72.056 232.188 3.79100321562676 3.36298672353987
"Etawah" 2014 "Uttar Pradesh" 31 402284 874 716 73.279 235.248 3.30737743610898 3.9087187881288
"Faizabad" 2001 "Uttar Pradesh" 17 474541 939 892 42.26 96.012 3.68610119640313 4.73927296680403
"Faizabad" 2002 "Uttar Pradesh" 12 487761 941 908 43.937 102.528 2.91859199590267 3.3893326404031
"Faizabad" 2003 "Uttar Pradesh" 4 500982 944 925 45.614 109.476 1.43498853860767 1.62014835004092
"Faizabad" 2004 "Uttar Pradesh" 14 514199 946 941 47.291 110.088 2.27594566680429 2.77665371350123
"Faizabad" 2005 "Uttar Pradesh" 15 527419 948 958 48.968 124.836 2.46184035547184 2.95420842656621
"Faizabad" 2006 "Uttar Pradesh" 12 540641 950 974 50.645 133.308 1.98068175065858 3.47719685115617
"Faizabad" 2007 "Uttar Pradesh" 17 553860 953 990 52.322 140.22 2.25066427057486 2.8998943486253
"Faizabad" 2008 "Uttar Pradesh" 18 567080 955 1007 53.999 155.256 1.83012600204719 2.76646953797831
"Faizabad" 2009 "Uttar Pradesh" 18 580297 957 1023 55.676 159.384 1.25556424220002 2.84594561565337
"Faizabad" 2010 "Uttar Pradesh" 18 593518 960 1040 57.353 186.144 1.56389091120104 2.51045646271746
"Faizabad" 2011 "Uttar Pradesh" 28 606738 962 1056 59.03 184.416 1.98300604290739 3.35896941961865
"Faizabad" 2012 "Uttar Pradesh" 30 619958 964 1072 60.707 210.3 1.79079388678681 3.62138319327999
"Faizabad" 2013 "Uttar Pradesh" 27 633179 967 1089 62.384 214.8 1.44790458856617 3.24800218516195
"Faizabad" 2014 "Uttar Pradesh" 28 646396 969 1105 64.061 205.464 1.23138350169296 3.0399780198045
"Farrukhabad" 2001 "Uttar Pradesh" 22 333033 848 720 48.65 139.74 7.64132633048227 3.05653053219291
"Farrukhabad" 2002 "Uttar Pradesh" 32 343589 851 734 49.729 144.144 6.00238970139987 2.00079656713329
"Farrukhabad" 2003 "Uttar Pradesh" 18 354145 853 749 50.808 148.692 4.42029110072616 2.14875261840855
"Farrukhabad" 2004 "Uttar Pradesh" 21 364702 856 763 51.887 150.876 5.36504941572201 1.86872507738632
"Farrukhabad" 2005 "Uttar Pradesh" 14 375258 858 778 52.966 158.232 4.14330876351237 1.24299262905371
"Farrukhabad" 2006 "Uttar Pradesh" 37 385815 861 792 54.045 163.224 4.94007399649662 1.85979256338696
"Farrukhabad" 2007 "Uttar Pradesh" 24 396370 864 806 55.124 165.024 3.65224467528406 2.16852027594991
"Farrukhabad" 2008 "Uttar Pradesh" 26 406926 866 821 56.203 172.2 3.64215848880681 2.46546113088461
"Farrukhabad" 2009 "Uttar Pradesh" 23 417483 869 835 57.282 188.124 3.41116286542082 2.64090028290644
"Farrukhabad" 2010 "Uttar Pradesh" 24 428039 871 850 58.361 206.352 2.53906650949665 1.45861267566829
"Farrukhabad" 2011 "Uttar Pradesh" 25 438595 874 864 59.44 190.86 3.23572409139807 2.12178628944136
"Farrukhabad" 2012 "Uttar Pradesh" 34 449151 877 878 60.519 172.548 3.54173491885 3.90632527814338
"Farrukhabad" 2013 "Uttar Pradesh" 34 459707 879 893 61.598 177.516 2.86391689731426 3.01734101681324
"Farrukhabad" 2014 "Uttar Pradesh" 39 470264 882 907 62.677 235.572 2.91249898941307 2.36012849142093
"Fatehpur" 2001 "Uttar Pradesh" 46 501447 893 556 41.93 98.256 5.71828603906456 3.03242441465545
"Fatehpur" 2002 "Uttar Pradesh" 26 512791 894 564 43.395 103.92 3.89066130125946 2.5652711876436
"Fatehpur" 2003 "Uttar Pradesh" 24 524133 895 572 44.86 109.92 3.080314343969 1.3924708678216
"Fatehpur" 2004 "Uttar Pradesh" 23 535477 895 579 46.325 116.688 3.62310994431238 1.37428308232539
"Fatehpur" 2005 "Uttar Pradesh" 22 546820 896 587 47.79 122.964 3.78129173035609 1.10972692086537
"Fatehpur" 2006 "Uttar Pradesh" 27 558165 897 595 49.255 130.056 3.5290824791196 1.86595165562645
"Fatehpur" 2007 "Uttar Pradesh" 33 569508 898 603 50.72 133.272 2.64226600732788 1.76151067155192
"Fatehpur" 2008 "Uttar Pradesh" 41 580852 899 611 52.185 145.728 2.92384605871478 3.00286892516653
"Fatehpur" 2009 "Uttar Pradesh" 38 592195 899 618 53.65 146.712 2.72967484113292 1.67680025955308
"Fatehpur" 2010 "Uttar Pradesh" 42 603536 900 626 55.115 171.024 2.88645161191004 1.23155268774828
"Fatehpur" 2011 "Uttar Pradesh" 45 614881 901 634 56.58 179.088 2.43093393823073 1.55731705417906
"Fatehpur" 2012 "Uttar Pradesh" 41 626226 902 642 58.045 179.46 2.96149124204568 2.36169554745415
"Fatehpur" 2013 "Uttar Pradesh" 39 637567 903 650 59.51 204.228 2.2568527854928 1.81288174572373
"Fatehpur" 2014 "Uttar Pradesh" 43 648910 903 657 60.975 190.296 2.00828948872236 2.70206222119008
"Firozabad" 2001 "Uttar Pradesh" 48 433015 852 859 50.95 131.4 6.57587734381317 5.11457126741024
"Firozabad" 2002 "Uttar Pradesh" 36 448404 854 877 52.03 136.812 6.59135958732357 2.48370071406396
"Firozabad" 2003 "Uttar Pradesh" 30 463797 857 895 53.11 142.44 4.44934027992439 1.68606579028714
"Firozabad" 2004 "Uttar Pradesh" 48 479186 859 913 54.19 142.716 5.64876009715867 3.35251615522425
"Firozabad" 2005 "Uttar Pradesh" 48 494576 861 931 55.27 154.416 5.49394135352702 2.61187375823416
"Firozabad" 2006 "Uttar Pradesh" 35 509966 864 948 56.35 160.788 5.60794791938509 2.87020956503961
"Firozabad" 2007 "Uttar Pradesh" 56 525357 866 966 57.43 170.196 5.32575661465466 3.68040091256623
"Firozabad" 2008 "Uttar Pradesh" 41 540747 868 984 58.51 177.864 5.13733235738171 2.84463857805434
"Firozabad" 2009 "Uttar Pradesh" 47 556136 870 1002 59.59 184.86 4.87095507772088 1.95670845002463
"Firozabad" 2010 "Uttar Pradesh" 54 571529 873 1020 60.67 191.508 4.44970244145784 1.59209536896198
"Firozabad" 2011 "Uttar Pradesh" 43 586918 875 1038 61.75 191.208 3.84283447470855 2.5618896498057
"Firozabad" 2012 "Uttar Pradesh" 50 602307 877 1056 62.83 212.904 3.92515206039082 2.51209731865012
"Firozabad" 2013 "Uttar Pradesh" 66 617700 880 1074 63.91 201.696 4.07979619493574 3.38700061466363
"Firozabad" 2014 "Uttar Pradesh" 55 633089 882 1092 64.99 224.436 5.28368082340882 4.22694465872706
"Gautam Buddha Nagar" 2001 "Uttar Pradesh" 17 265270 841 898 53.7 457.896 7.65371912514663 4.65878555443708
"Gautam Buddha Nagar" 2002 "Uttar Pradesh" 17 279483 842 937 55.412 492.9 5.80376503134839 5.23951009774508
"Gautam Buddha Nagar" 2003 "Uttar Pradesh" 14 293694 843 976 57.124 530.568 5.1548283949817 2.96793150014098
"Gautam Buddha Nagar" 2004 "Uttar Pradesh" 14 307907 844 1014 58.836 541.776 4.76764178815324 3.55681212766988
"Gautam Buddha Nagar" 2005 "Uttar Pradesh" 14 322120 845 1053 60.548 614.772 5.05946706946868 6.45265365381513
"Gautam Buddha Nagar" 2006 "Uttar Pradesh" 13 336332 846 1092 62.26 661.764 6.18112837564209 8.17045704826253
"Gautam Buddha Nagar" 2007 "Uttar Pradesh" 14 350544 847 1131 63.972 680.04 5.16300643930163 9.499931848315
"Gautam Buddha Nagar" 2008 "Uttar Pradesh" 25 364756 848 1170 65.684 822.192 4.33558205522598 5.60290604059972
"Gautam Buddha Nagar" 2009 "Uttar Pradesh" 22 378970 849 1208 67.396 863.532 5.04105551947108 8.91879053444883
"Gautam Buddha Nagar" 2010 "Uttar Pradesh" 19 393182 850 1247 69.108 800.112 6.26209758978126 10.3950819990369
"Gautam Buddha Nagar" 2011 "Uttar Pradesh" 25 407394 851 1286 70.82 1020.744 5.33943323129757 10.3148141968249
"Gautam Buddha Nagar" 2012 "Uttar Pradesh" 17 421606 852 1325 72.532 1140.36 5.23233323260602 11.1113593366577
"Gautam Buddha Nagar" 2013 "Uttar Pradesh" 31 435818 853 1364 74.244 1043.532 5.46851190967841 12.9877157854862
"Gautam Buddha Nagar" 2014 "Uttar Pradesh" 35 450032 854 1402 75.956 1138.848 5.74016376024881 11.1491642266371
"Ghaziabad" 2001 "Uttar Pradesh" 33 765076 860 2800 58.01 241.968 6.98963649635658 6.89846732466497
"Ghaziabad" 2002 "Uttar Pradesh" 21 807862 862 2917 59.188 249.444 6.77682478475514 5.60334863155078
"Ghaziabad" 2003 "Uttar Pradesh" 17 850648 864 3034 60.366 257.148 4.98441661793172 3.45510697379358
"Ghaziabad" 2004 "Uttar Pradesh" 35 893434 866 3151 61.544 249.3 5.19448848368233 3.69082076472166
"Ghaziabad" 2005 "Uttar Pradesh" 33 936222 868 3268 62.722 273.276 4.82978440950871 2.63922645328345
"Ghaziabad" 2006 "Uttar Pradesh" 41 979008 870 3386 63.9 281.724 3.71977744520589 2.90448375858542
"Ghaziabad" 2007 "Uttar Pradesh" 37 1021793 873 3503 65.078 300.252 3.68929087402252 2.87764688173757
"Ghaziabad" 2008 "Uttar Pradesh" 39 1064581 875 3620 66.256 313.308 3.3952761499183 2.73046683385038
"Ghaziabad" 2009 "Uttar Pradesh" 66 1107367 877 3737 67.434 317.112 5.82183978388597 9.03072785374438
"Ghaziabad" 2010 "Uttar Pradesh" 69 1150153 879 3854 68.612 313.368 4.77933838910629 6.70434968471855
"Ghaziabad" 2011 "Uttar Pradesh" 62 1192939 881 3971 69.79 334.176 4.76328299134172 5.83128366204614
"Ghaziabad" 2012 "Uttar Pradesh" 58 1235725 883 4088 70.968 325.056 4.16524302646558 4.88694355085318
"Ghaziabad" 2013 "Uttar Pradesh" 65 1278511 885 4205 72.146 338.748 3.78207447979556 4.71764027216604
"Ghaziabad" 2014 "Uttar Pradesh" 54 1321297 887 4322 73.324 364.476 3.99693696273145 4.63106638470326
"Ghazipur" 2001 "Uttar Pradesh" 22 674643 976 899 44.03 82.212 1.51436241062793 3.02872482125585
"Ghazipur" 2002 "Uttar Pradesh" 14 692120 974 916 45.656 86.916 1.77915336884308 1.48801918121421
"Ghazipur" 2003 "Uttar Pradesh" 11 709593 971 934 47.282 91.896 1.52570527315528 1.65284737925155
"Ghazipur" 2004 "Uttar Pradesh" 17 727070 969 951 48.908 96.468 1.90518904784898 1.78025861848183
"Ghazipur" 2005 "Uttar Pradesh" 19 744545 966 968 50.534 102.72 1.47308625380355 1.31963976903235
"Ghazipur" 2006 "Uttar Pradesh" 22 762021 964 986 52.16 108.6 1.32683905924698 0.995129294435237
"Ghazipur" 2007 "Uttar Pradesh" 22 779496 962 1003 53.786 114.324 1.18523470165717 1.33338903936431
"Ghazipur" 2008 "Uttar Pradesh" 33 796971 959 1020 55.412 120.708 1.19373226506912 1.13550142287063
"Ghazipur" 2009 "Uttar Pradesh" 29 814448 957 1037 57.038 124.56 1.05853104499901 1.00131315067474
"Ghazipur" 2010 "Uttar Pradesh" 32 831921 954 1055 58.664 143.34 1.26500755771738 0.759004534630425
"Ghazipur" 2011 "Uttar Pradesh" 35 849398 952 1072 60.29 139.272 1.27062416373594 0.801045668442226
"Ghazipur" 2012 "Uttar Pradesh" 32 866875 950 1089 61.916 161.808 1.27566287650036 2.11705753972401
"Ghazipur" 2013 "Uttar Pradesh" 27 884348 947 1107 63.542 155.424 1.33348054958601 1.38681977156945
"Ghazipur" 2014 "Uttar Pradesh" 31 901825 945 1124 65.168 166.524 1.67716379024341 2.12266042202682
"Gonda" 2001 "Uttar Pradesh" 26 602590 906 691 27.17 81.156 2.4587917352778 4.26672683474678
"Gonda" 2002 "Uttar Pradesh" 29 622098 908 708 29.162 85.944 0.813842397650473 3.75075191960652
"Gonda" 2003 "Uttar Pradesh" 16 641604 909 724 31.154 91.008 0.727162677025157 1.6967129130587
"Gonda" 2004 "Uttar Pradesh" 15 661112 910 741 33.146 101.388 1.76203810881805 2.43974507374807
"Gonda" 2005 "Uttar Pradesh" 26 680619 912 758 35.138 102.06 1.02795336805605 2.1885458803774
"Gonda" 2006 "Uttar Pradesh" 28 700127 914 774 37.13 108.072 1.78473615758636 2.49863062062091
"Gonda" 2007 "Uttar Pradesh" 35 719635 915 791 39.122 111.156 1.4607264637273 2.31810938808898
"Gonda" 2008 "Uttar Pradesh" 43 739142 916 808 41.114 114.348 1.52267401444924 1.83342381331644
"Gonda" 2009 "Uttar Pradesh" 42 758650 918 825 43.106 123.516 1.79416543482512 1.88539418574843
"Gonda" 2010 "Uttar Pradesh" 47 778156 920 841 45.098 144.204 1.51768053181907 2.17236625142729
"Gonda" 2011 "Uttar Pradesh" 27 797664 921 858 47.09 149.832 1.33957731676257 2.8538821096246
"Gonda" 2012 "Uttar Pradesh" 37 817172 922 875 49.082 147.204 1.11141002024476 3.02075543963961
"Gonda" 2013 "Uttar Pradesh" 32 836678 924 891 51.074 159.12 0.752962069117456 2.37043614351792
"Gonda" 2014 "Uttar Pradesh" 28 856186 926 908 53.066 174.168 1.22806572280264 2.04677620467107
"Gorakhpur" 2001 "Uttar Pradesh" 16 868635 960 1135 42.88 103.356 2.54678659201752 3.634476699025
"Gorakhpur" 2002 "Uttar Pradesh" 30 892826 959 1155 44.528 109.224 2.92294185746692 4.5409989571361
"Gorakhpur" 2003 "Uttar Pradesh" 18 917016 958 1175 46.176 115.416 2.10521667557533 3.49157887656396
"Gorakhpur" 2004 "Uttar Pradesh" 25 941207 957 1196 47.824 121.788 2.47508373612375 4.8238876897922
"Gorakhpur" 2005 "Uttar Pradesh" 16 965397 956 1216 49.472 128.892 2.33546000984372 2.98143831043879
"Gorakhpur" 2006 "Uttar Pradesh" 16 989588 955 1236 51.12 136.212 2.17528122842286 2.39525348747686
"Gorakhpur" 2007 "Uttar Pradesh" 23 1013779 954 1256 52.768 144.06 1.80329816020308 2.1639577922437
"Gorakhpur" 2008 "Uttar Pradesh" 43 1037968 953 1276 54.416 150.288 1.79763119514564 3.59526239029128
"Gorakhpur" 2009 "Uttar Pradesh" 50 1062160 952 1297 56.064 159.492 1.83820920263371 3.18778051595973
"Gorakhpur" 2010 "Uttar Pradesh" 61 1086351 951 1317 57.712 177.552 2.4034659352195 5.7225379409988
"Gorakhpur" 2011 "Uttar Pradesh" 41 1110541 950 1337 59.36 179.064 2.3643882595738 4.61618660202504
"Gorakhpur" 2012 "Uttar Pradesh" 53 1134731 949 1357 61.008 184.056 2.17088305320081 4.36391797429143
"Gorakhpur" 2013 "Uttar Pradesh" 39 1158922 948 1377 62.656 200.952 2.70217086741646 4.22758990547414
"Gorakhpur" 2014 "Uttar Pradesh" 58 1183114 947 1398 64.304 213.06 2.42242505327727 4.93059966596259
"Hamirpur" 2001 "Uttar Pradesh" 22 217438 851 253 40.14 133.512 15.9922461836685 14.5384056215168
"Hamirpur" 2002 "Uttar Pradesh" 17 220863 852 255 41.721 139.272 14.8779170916072 7.91889135521027
"Hamirpur" 2003 "Uttar Pradesh" 12 224290 853 257 43.302 145.296 8.55533639107393 2.61413056393926
"Hamirpur" 2004 "Uttar Pradesh" 16 227717 854 260 44.883 152.592 11.7676408704289 8.2373486093002
"Hamirpur" 2005 "Uttar Pradesh" 6 231143 855 262 46.464 158.124 11.1877941166188 6.75929227879051
"Hamirpur" 2006 "Uttar Pradesh" 12 234568 856 264 48.045 164.952 8.30978893136114 3.6932395250494
"Hamirpur" 2007 "Uttar Pradesh" 9 237996 857 266 49.626 153.636 5.02915768466724 2.05738268918205
"Hamirpur" 2008 "Uttar Pradesh" 13 241423 858 268 51.207 179.244 5.20696556158255 2.94306749132927
"Hamirpur" 2009 "Uttar Pradesh" 20 244849 859 271 52.788 194.724 6.7260803766605 3.13883750910823
"Hamirpur" 2010 "Uttar Pradesh" 15 248275 860 273 54.369 208.884 4.88481820704968 3.55259505967249
"Hamirpur" 2011 "Uttar Pradesh" 15 251701 861 275 55.95 210.42 7.47633958413961 3.29838511064983
"Hamirpur" 2012 "Uttar Pradesh" 17 255127 862 277 57.531 218.028 7.83965296469543 6.09750786142978
"Hamirpur" 2013 "Uttar Pradesh" 15 258553 863 279 59.112 220.248 7.1169311792755 6.68560201689516
"Hamirpur" 2014 "Uttar Pradesh" 26 261979 864 282 60.693 217.596 6.6210172445462 6.19385484167226
"Hardoi" 2001 "Uttar Pradesh" 63 698939 844 568 36.77 96.144 5.35560953016003 2.61895191310023
"Hardoi" 2002 "Uttar Pradesh" 26 719381 846 580 38.412 100.764 3.89937532007372 1.21313898846738
"Hardoi" 2003 "Uttar Pradesh" 18 739820 849 591 40.054 105.588 2.86356014808859 1.13408322696578
"Hardoi" 2004 "Uttar Pradesh" 44 760264 851 603 41.696 110.94 3.2282464888645 1.97590948887396
"Hardoi" 2005 "Uttar Pradesh" 25 780704 854 614 43.338 115.968 2.48584366665765 1.31121424175349
"Hardoi" 2006 "Uttar Pradesh" 35 801145 856 626 44.98 121.536 2.33278865846419 1.01891918415677
"Hardoi" 2007 "Uttar Pradesh" 42 821587 858 638 46.622 126.048 2.26348848318636 0.921187173389798
"Hardoi" 2008 "Uttar Pradesh" 50 842027 861 649 48.264 131.088 1.83426415780665 0.98171884502328
"Hardoi" 2009 "Uttar Pradesh" 45 862471 863 661 49.906 137.088 1.92726257456414 1.31865334049125
"Hardoi" 2010 "Uttar Pradesh" 24 882910 866 672 51.548 147.048 1.69262186130656 0.721853440851329
"Hardoi" 2011 "Uttar Pradesh" 32 903352 868 684 53.19 161.292 1.49040581795792 1.51483870021953
"Hardoi" 2012 "Uttar Pradesh" 48 923794 870 696 54.832 163.404 1.84666936392313 1.24710138862341
"Hardoi" 2013 "Uttar Pradesh" 24 944233 873 707 56.474 173.676 1.53015524013432 1.43599184074144
"Hardoi" 2014 "Uttar Pradesh" 40 964677 875 719 58.116 167.508 1.82546266235642 1.08603474849053
"Hathras" 2001 "Uttar Pradesh" 31 274843 858 726 46.31 178.26 6.43697638752394 6.81121920075208
"Hathras" 2002 "Uttar Pradesh" 21 283602 859 738 47.602 188.376 5.59932277664522 4.19949208248392
"Hathras" 2003 "Uttar Pradesh" 10 292359 861 751 48.894 199.068 3.77105900764582 2.82829425573437
"Hathras" 2004 "Uttar Pradesh" 24 301116 862 763 50.186 204.192 4.71131758420766 4.99685198325055
"Hathras" 2005 "Uttar Pradesh" 20 309875 863 776 51.478 222.3 4.56720145082424 3.44296724754443
"Hathras" 2006 "Uttar Pradesh" 22 318634 864 788 52.77 234.924 4.91058583980701 3.52732222295996
"Hathras" 2007 "Uttar Pradesh" 17 327392 866 800 54.062 234.132 3.81242592150079 3.47203074993822
"Hathras" 2008 "Uttar Pradesh" 27 336149 867 813 55.354 256.776 3.88668829362992 2.21139161534116
"Hathras" 2009 "Uttar Pradesh" 23 344908 868 825 56.646 281.724 3.4959545868903 2.11076503359414
"Hathras" 2010 "Uttar Pradesh" 30 353667 870 838 57.938 335.58 4.02550089892032 2.7918796557028
"Hathras" 2011 "Uttar Pradesh" 24 362424 871 850 59.23 323.484 3.89849096444832 3.06766502120523
"Hathras" 2012 "Uttar Pradesh" 18 371181 872 862 60.522 329.748 3.33411758489104 4.84390667993604
"Hathras" 2013 "Uttar Pradesh" 21 379940 874 875 61.814 299.916 3.77722777488465 2.41494890525412
"Hathras" 2014 "Uttar Pradesh" 24 388699 875 887 63.106 373.428 4.38848048253781 4.26657824691176
"Jalaun" 2001 "Uttar Pradesh" 29 315601 849 319 49.21 167.328 5.70661665011977 6.32540640736167
"Jalaun" 2002 "Uttar Pradesh" 22 324474 851 324 50.535 172.152 5.35068671661544 2.43828761769818
"Jalaun" 2003 "Uttar Pradesh" 22 333348 852 329 51.86 177.12 4.53704766302013 0.600491602458546
"Jalaun" 2004 "Uttar Pradesh" 28 342220 854 334 53.185 184.032 5.78400931751319 2.8920046587566
"Jalaun" 2005 "Uttar Pradesh" 21 351094 855 339 54.51 187.488 3.82014993117255 2.00719742146354
"Jalaun" 2006 "Uttar Pradesh" 36 359965 857 344 55.835 192.888 3.06162086035373 2.04108057356915
"Jalaun" 2007 "Uttar Pradesh" 32 368838 859 350 57.16 168.012 3.01601503986167 1.50800751993083
"Jalaun" 2008 "Uttar Pradesh" 37 377712 860 355 58.485 209.748 2.66159931169804 1.54744146028956
"Jalaun" 2009 "Uttar Pradesh" 34 386584 862 360 59.81 219.228 2.25609756097561 1.28048780487805
"Jalaun" 2010 "Uttar Pradesh" 23 395458 863 365 61.135 230.508 2.10235463719366 0.720807304180682
"Jalaun" 2011 "Uttar Pradesh" 40 404331 865 370 62.46 233.112 2.24855530321768 1.18345015958825
"Jalaun" 2012 "Uttar Pradesh" 40 413204 867 375 63.785 255.168 2.68138865621042 2.15676913651707
"Jalaun" 2013 "Uttar Pradesh" 22 422078 868 380 65.11 208.428 1.78010429114237 1.83752701021148
"Jalaun" 2014 "Uttar Pradesh" 30 430950 870 385 66.435 231.396 2.0364248525289 2.26269428058767
"Jaunpur" 2001 "Uttar Pradesh" 43 872742 1014 969 44.07 77.592 1.43161031362747 2.58201145850669
"Jaunpur" 2002 "Uttar Pradesh" 23 897701 1015 983 45.644 81.42 1.28581369315947 1.71441825754596
"Jaunpur" 2003 "Uttar Pradesh" 22 922659 1016 998 47.218 85.44 0.820526897617637 1.41727373224865
"Jaunpur" 2004 "Uttar Pradesh" 29 947620 1017 1012 48.792 87.192 1.29964808962766 1.88816797927037
"Jaunpur" 2005 "Uttar Pradesh" 26 972578 1018 1027 50.366 94.08 0.991527518274336 1.23336349834125
"Jaunpur" 2006 "Uttar Pradesh" 46 997538 1019 1041 51.94 98.724 1.47871238495558 1.00170838980862
"Jaunpur" 2007 "Uttar Pradesh" 47 1022497 1020 1055 53.514 104.172 1.03494126355508 1.45832632591853
"Jaunpur" 2008 "Uttar Pradesh" 44 1047456 1021 1070 55.088 108.936 0.927884793823999 1.623798389192
"Jaunpur" 2009 "Uttar Pradesh" 47 1072416 1022 1084 56.662 112.212 1.0523565695189 1.25825242007695
"Jaunpur" 2010 "Uttar Pradesh" 39 1097373 1023 1099 58.236 123.84 0.902476983452633 1.12809622931579
"Jaunpur" 2011 "Uttar Pradesh" 42 1122333 1024 1113 59.81 124.896 0.912286135653833 1.17929671194276
"Jaunpur" 2012 "Uttar Pradesh" 51 1147293 1025 1127 61.384 138.612 1.0972063371127 1.11915046385495
"Jaunpur" 2013 "Uttar Pradesh" 60 1172250 1026 1142 62.958 138.972 1.08207987004654 1.94774376608376
"Jaunpur" 2014 "Uttar Pradesh" 47 1197210 1027 1156 64.532 137.808 1.17387826327486 2.04895115044338
"Jhansi" 2001 "Uttar Pradesh" 31 405923 871 347 50.16 179.016 4.35547308174363 5.7308856338732
"Jhansi" 2002 "Uttar Pradesh" 14 416233 873 352 51.493 189.54 3.50524684570186 2.43105829621258
"Jhansi" 2003 "Uttar Pradesh" 8 426545 875 357 52.826 200.688 3.01179788159061 3.4022161255005
"Jhansi" 2004 "Uttar Pradesh" 25 436855 877 362 54.159 212.52 3.85154812977076 3.46639331679369
"Jhansi" 2005 "Uttar Pradesh" 13 447166 879 367 55.492 224.988 2.71401648385052 1.46556890127928
"Jhansi" 2006 "Uttar Pradesh" 21 457478 880 372 56.825 238.224 2.51678076965298 1.5529072834029
"Jhansi" 2007 "Uttar Pradesh" 28 467786 882 378 58.158 234.852 3.48655694577612 2.16589143601244
"Jhansi" 2008 "Uttar Pradesh" 26 478097 884 383 59.491 267.276 1.71977559534201 2.1366908911825
"Jhansi" 2009 "Uttar Pradesh" 27 488407 886 388 60.824 292.92 2.05647385681904 2.36494493534189
"Jhansi" 2010 "Uttar Pradesh" 32 498719 888 393 62.157 309.9 2.33306063573874 2.07946708837583
"Jhansi" 2011 "Uttar Pradesh" 28 509029 890 398 63.49 337.176 3.30230666120285 5.2036347388651
"Jhansi" 2012 "Uttar Pradesh" 33 519339 892 403 64.823 339.672 3.2084252259225 3.99819143538034
"Jhansi" 2013 "Uttar Pradesh" 24 529651 894 408 66.156 314.556 2.38605143547776 3.11647534429748
"Jhansi" 2014 "Uttar Pradesh" 33 539961 896 413 67.489 389.556 3.26661433678602 2.11369162968507
"Jyotiba Phule Nagar" 2001 "Uttar Pradesh" 14 318737 885 667 34.56 212.82 7.47130883989252 2.40149212710831
"Jyotiba Phule Nagar" 2002 "Uttar Pradesh" 10 331030 888 682 36.314 221.16 5.55511259886467 2.81023343236683
"Jyotiba Phule Nagar" 2003 "Uttar Pradesh" 13 343323 890 697 38.068 229.836 3.9697276254626 2.81722605677991
"Jyotiba Phule Nagar" 2004 "Uttar Pradesh" 6 355616 892 712 39.822 246.504 4.76735615600546 3.57551711700409
"Jyotiba Phule Nagar" 2005 "Uttar Pradesh" 8 367909 895 727 41.576 248.22 4.05604969029602 2.82694372353965
"Jyotiba Phule Nagar" 2006 "Uttar Pradesh" 14 380201 898 742 43.33 257.952 4.33497821673446 2.04707304679127
"Jyotiba Phule Nagar" 2007 "Uttar Pradesh" 12 392494 900 758 45.084 258.576 3.89308181665354 2.30045743711346
"Jyotiba Phule Nagar" 2008 "Uttar Pradesh" 16 404788 902 773 46.838 279.96 2.42713537347546 1.50251237405623
"Jyotiba Phule Nagar" 2009 "Uttar Pradesh" 16 417080 905 788 48.592 280.584 2.66095523763746 1.92494634212071
"Jyotiba Phule Nagar" 2010 "Uttar Pradesh" 21 429372 908 803 50.346 264.372 3.16162036926617 2.38508203295518
"Jyotiba Phule Nagar" 2011 "Uttar Pradesh" 16 441666 910 818 52.1 361.224 3.58652574880952 2.11931066975108
"Jyotiba Phule Nagar" 2012 "Uttar Pradesh" 19 453960 912 833 53.854 333.912 3.1943047675531 1.91658286053186
"Jyotiba Phule Nagar" 2013 "Uttar Pradesh" 16 466252 915 848 55.608 346.104 6.83268883517781 4.90284542371538
"Jyotiba Phule Nagar" 2014 "Uttar Pradesh" 23 478544 918 863 57.362 330.756 6.13192217364377 4.3945442244447
"Kannauj" 2001 "Uttar Pradesh" 22 291836 866 664 49.16 143.592 4.75188329374631 3.7439080496183
"Kannauj" 2002 "Uttar Pradesh" 15 300876 867 677 50.577 147.24 4.73960470281971 2.26369179836165
"Kannauj" 2003 "Uttar Pradesh" 16 309916 869 690 51.994 150.972 4.44829036215339 2.29364971798534
"Kannauj" 2004 "Uttar Pradesh" 22 318958 870 702 53.411 136.404 4.50715613471753 2.18528782289335
"Kannauj" 2005 "Uttar Pradesh" 10 327999 871 715 54.828 158.736 4.09292963180408 2.08001341944142
"Kannauj" 2006 "Uttar Pradesh" 19 337039 872 728 56.245 162.756 2.96662350778838 1.12072443627561
"Kannauj" 2007 "Uttar Pradesh" 13 346078 874 741 57.662 162.3 3.49775593047757 1.10114538552072
"Kannauj" 2008 "Uttar Pradesh" 31 355120 875 754 59.079 177.324 2.35473961352995 1.20919061235322
"Kannauj" 2009 "Uttar Pradesh" 25 364161 876 766 60.496 187.308 2.56372097211297 0.812887137499234
"Kannauj" 2010 "Uttar Pradesh" 22 373200 878 779 61.913 203.676 2.39605719572838 0.860123095902496
"Kannauj" 2011 "Uttar Pradesh" 34 382241 879 792 63.33 197.688 2.23346870970702 1.87128459461939
"Kannauj" 2012 "Uttar Pradesh" 27 391282 880 805 64.747 193.62 2.84685351515238 2.37237792929365
"Kannauj" 2013 "Uttar Pradesh" 26 400321 882 818 66.164 170.1 1.92301752917888 1.86474427071891
"Kannauj" 2014 "Uttar Pradesh" 31 409362 883 830 67.581 186.276 2.23295312058061 1.37412499728038
"Kanpur Dehat" 2001 "Uttar Pradesh" 39 322243 852 517 54.64 120.444 5.43709093886407 3.07035723606442
"Kanpur Dehat" 2002 "Uttar Pradesh" 37 332233 853 525 55.862 125.688 3.53269286452817 2.46026824493926
"Kanpur Dehat" 2003 "Uttar Pradesh" 22 342222 855 533 57.084 131.16 2.30191693688268 1.30649339660909
"Kanpur Dehat" 2004 "Uttar Pradesh" 25 352211 856 540 58.306 119.064 2.82238371165546 2.27017820285331
"Kanpur Dehat" 2005 "Uttar Pradesh" 26 362200 857 548 59.528 142.824 2.9649978972719 2.42040644675257
"Kanpur Dehat" 2006 "Uttar Pradesh" 50 372189 858 556 60.75 149.04 2.98379204162987 2.02897858830831
"Kanpur Dehat" 2007 "Uttar Pradesh" 37 382180 860 564 61.972 162.552 2.4129726115838 2.11870765895163
"Kanpur Dehat" 2008 "Uttar Pradesh" 31 392169 861 572 63.194 170.424 2.90207527402846 2.08949419730049
"Kanpur Dehat" 2009 "Uttar Pradesh" 22 402158 862 579 64.416 172.524 1.88896005879817 1.25930670586545
"Kanpur Dehat" 2010 "Uttar Pradesh" 22 412147 864 587 65.638 187.02 1.69355849381682 1.35484679505345
"Kanpur Dehat" 2011 "Uttar Pradesh" 29 422137 865 595 66.86 192.18 2.78367917763436 1.00212450394837
"Kanpur Dehat" 2012 "Uttar Pradesh" 28 432127 866 603 68.082 193.524 2.41586078492415 0.988306684741698
"Kanpur Dehat" 2013 "Uttar Pradesh" 32 442116 868 611 69.304 198.444 2.6532955013104 1.02882886785505
"Kanpur Dehat" 2014 "Uttar Pradesh" 35 452105 869 618 70.526 192.276 2.45650386098324 1.17484967264416
"Kanpur Nagar" 2001 "Uttar Pradesh" 64 994473 855 1321 67.46 201.384 9.34489608475554 16.0643213647464
"Kanpur Nagar" 2002 "Uttar Pradesh" 50 1014858 856 1334 68.219 211.716 8.9080141699164 11.8185534531564
"Kanpur Nagar" 2003 "Uttar Pradesh" 43 1035243 856 1347 68.978 222.564 8.17232326913908 7.29827799971244
"Kanpur Nagar" 2004 "Uttar Pradesh" 46 1055628 857 1360 69.737 229.116 6.45304349784408 6.97275169901273
"Kanpur Nagar" 2005 "Uttar Pradesh" 51 1076012 858 1373 70.496 245.976 6.43789810352398 5.8799469345519
"Kanpur Nagar" 2006 "Uttar Pradesh" 67 1096397 858 1386 71.255 258.588 6.12476920466044 7.31569655001108
"Kanpur Nagar" 2007 "Uttar Pradesh" 59 1116783 859 1400 72.014 260.472 6.23825848055413 11.1277043166641
"Kanpur Nagar" 2008 "Uttar Pradesh" 86 1137168 860 1413 72.773 281.604 7.01754679095522 11.6541402064078
"Kanpur Nagar" 2009 "Uttar Pradesh" 73 1157552 861 1426 73.532 311.424 5.91951855686277 9.47950873791311
"Kanpur Nagar" 2010 "Uttar Pradesh" 92 1177936 861 1439 74.291 337.788 6.15341194385463 10.9530732600612
"Kanpur Nagar" 2011 "Uttar Pradesh" 69 1198322 862 1452 75.05 342.3 6.46392439078529 12.9685023940912
"Kanpur Nagar" 2012 "Uttar Pradesh" 56 1218708 863 1465 75.809 341.94 6.08345778906194 9.06475498370157
"Kanpur Nagar" 2013 "Uttar Pradesh" 56 1239092 863 1478 76.568 361.092 4.83095837829917 6.82722217098479
"Kanpur Nagar" 2014 "Uttar Pradesh" 73 1259476 864 1491 77.327 375.996 5.42054529102987 9.89150600552895
"Kaushambi" 2001 "Uttar Pradesh" 28 270286 895 726 29.79 115.956 5.95443388799787 8.97031598711368
"Kaushambi" 2002 "Uttar Pradesh" 13 278440 896 743 31.667 122.22 4.61788864075097 3.10382679132443
"Kaushambi" 2003 "Uttar Pradesh" 16 286592 898 761 33.544 128.832 4.15016789652446 2.22330423028096
"Kaushambi" 2004 "Uttar Pradesh" 19 294745 899 778 35.421 131.352 4.71579704950716 2.17652171515715
"Kaushambi" 2005 "Uttar Pradesh" 13 302898 900 795 37.298 143.136 4.97168624682434 2.20174676645078
"Kaushambi" 2006 "Uttar Pradesh" 17 311053 902 812 39.175 150.876 3.47648091133861 2.57259587439057
"Kaushambi" 2007 "Uttar Pradesh" 35 319204 903 830 41.052 143.64 3.4713950243338 4.22012728448423
"Kaushambi" 2008 "Uttar Pradesh" 26 327356 904 847 42.929 158.58 3.73151981470339 5.73054828686592
"Kaushambi" 2009 "Uttar Pradesh" 27 335510 905 864 44.806 175.524 3.26160839042235 3.58776922946459
"Kaushambi" 2010 "Uttar Pradesh" 22 343663 907 882 46.683 212.16 2.42666211986817 2.87367882615967
"Kaushambi" 2011 "Uttar Pradesh" 22 351816 908 899 48.56 226.788 3.25082083226015 6.2515785235772
"Kaushambi" 2012 "Uttar Pradesh" 20 359969 909 916 50.437 220.824 2.69281471353959 2.99881638553273
"Kaushambi" 2013 "Uttar Pradesh" 22 368122 911 934 52.314 207.576 1.73746330357678 3.5348391348631
"Kaushambi" 2014 "Uttar Pradesh" 27 376276 912 951 54.191 200.22 2.34607407963514 3.28450371148919
"Kheri" 2001 "Uttar Pradesh" 88 679864 871 418 35.38 125.592 5.36287989144533 5.01990501466685
"Kheri" 2002 "Uttar Pradesh" 66 703651 873 429 36.884 130.404 4.38943961792367 2.62147088292663
"Kheri" 2003 "Uttar Pradesh" 35 727439 876 439 38.388 135.408 2.95024984742142 1.6390276930119
"Kheri" 2004 "Uttar Pradesh" 58 751224 878 450 39.892 153.012 3.29214558159102 2.44725866242164
"Kheri" 2005 "Uttar Pradesh" 61 775010 880 460 41.396 145.98 3.73120405955002 1.82287831916947
"Kheri" 2006 "Uttar Pradesh" 60 798799 882 471 42.9 151.572 2.92377468779655 1.53150102694105
"Kheri" 2007 "Uttar Pradesh" 57 822586 885 482 44.404 157.092 2.53171379873855 1.82392284425251
"Kheri" 2008 "Uttar Pradesh" 48 846372 887 492 45.908 150.708 2.10249867329672 1.67667615718599
"Kheri" 2009 "Uttar Pradesh" 40 870157 889 503 47.412 161.4 1.74325315496298 1.09278555982754
"Kheri" 2010 "Uttar Pradesh" 37 893945 892 513 48.916 164.832 1.88232421253984 0.534173087342387
"Kheri" 2011 "Uttar Pradesh" 57 917732 894 524 50.42 196.092 2.2132460037854 1.1190569682061
"Kheri" 2012 "Uttar Pradesh" 51 941519 896 535 51.924 188.904 2.16374807845799 1.21558880812247
"Kheri" 2013 "Uttar Pradesh" 57 965307 899 545 53.428 200.58 2.09158926796039 1.59246001083348
"Kheri" 2014 "Uttar Pradesh" 51 989092 901 556 54.932 209.46 1.83568355046294 1.55684554279768
"Kushinagar" 2001 "Uttar Pradesh" 18 648510 963 996 29.64 75.456 2.38490582732729 2.00470344905772
"Kushinagar" 2002 "Uttar Pradesh" 18 667878 963 1019 31.912 79.368 1.86175362297255 1.15090223965576
"Kushinagar" 2003 "Uttar Pradesh" 12 687247 963 1042 34.184 83.496 1.22658791751229 1.06083279352415
"Kushinagar" 2004 "Uttar Pradesh" 21 706617 962 1065 36.456 94.044 1.49345509537659 1.85058566166229
"Kushinagar" 2005 "Uttar Pradesh" 16 725987 962 1088 38.728 92.376 1.30363379972687 1.11285812171806
"Kushinagar" 2006 "Uttar Pradesh" 24 745355 962 1112 41 97.176 0.622786383647623 1.68152323584858
"Kushinagar" 2007 "Uttar Pradesh" 18 764722 962 1135 43.272 106.752 0.609925128640834 1.03687271868942
"Kushinagar" 2008 "Uttar Pradesh" 14 784092 962 1158 45.544 107.316 0.65706220915664 0.209065248368022
"Kushinagar" 2009 "Uttar Pradesh" 22 803462 961 1181 47.816 105.804 0.701992488680371 0.321746557311837
"Kushinagar" 2010 "Uttar Pradesh" 25 822831 961 1204 50.088 112.476 1.11718016850514 0.486975970886858
"Kushinagar" 2011 "Uttar Pradesh" 35 842199 961 1227 52.36 122.52 1.40270396437805 0.81356829933927
"Kushinagar" 2012 "Uttar Pradesh" 28 861567 961 1250 54.632 125.004 0.98909033362017 1.07151452808852
"Kushinagar" 2013 "Uttar Pradesh" 29 880936 961 1273 56.904 129.06 1.34536701343053 1.29155233289331
"Kushinagar" 2014 "Uttar Pradesh" 31 900306 960 1296 59.176 167.448 0.948660096668464 1.05406677407607
"Lalitpur" 2001 "Uttar Pradesh" 10 210773 882 194 32.97 146.796 2.55693266266694 4.70475609930717
"Lalitpur" 2002 "Uttar Pradesh" 9 217867 884 199 34.757 151.416 1.80045011252813 2.30057514378595
"Lalitpur" 2003 "Uttar Pradesh" 5 224957 887 204 36.544 156.204 1.17386851303141 0.978223760859507
"Lalitpur" 2004 "Uttar Pradesh" 6 232052 889 208 38.331 154.524 1.53069180572842 1.53069180572842
"Lalitpur" 2005 "Uttar Pradesh" 1 239143 892 213 40.118 166.212 1.96479094624332 0.935614736306343
"Lalitpur" 2006 "Uttar Pradesh" 9 246238 894 218 41.905 171.456 1.73852254863746 2.01302610894863
"Lalitpur" 2007 "Uttar Pradesh" 14 253332 896 223 43.692 145.656 1.96869594475481 2.05818212406185
"Lalitpur" 2008 "Uttar Pradesh" 10 260423 899 228 45.479 192.768 1.92534391455674 2.10037517951644
"Lalitpur" 2009 "Uttar Pradesh" 8 267518 901 232 47.266 203.64 1.79735583280483 1.11264884887918
"Lalitpur" 2010 "Uttar Pradesh" 8 274608 904 237 49.053 221.796 0.920740174656041 1.42296208810479
"Lalitpur" 2011 "Uttar Pradesh" 14 281702 906 242 50.84 212.22 1.55534744824786 1.63720784026091
"Lalitpur" 2012 "Uttar Pradesh" 7 288796 908 247 52.627 223.212 1.84132722866642 1.84132722866642
"Lalitpur" 2013 "Uttar Pradesh" 11 295886 911 252 54.414 178.692 1.40930532991446 1.33101058936366
"Lalitpur" 2014 "Uttar Pradesh" 12 302981 913 256 56.201 210.036 2.06740664510438 0.918847397824169
"Lucknow" 2001 "Uttar Pradesh" 47 893113 888 1443 60.47 248.736 4.55064567082822 18.367063852138
"Lucknow" 2002 "Uttar Pradesh" 59 924710 891 1480 61.577 259.236 4.68842219590157 17.5748854886367
"Lucknow" 2003 "Uttar Pradesh" 29 956308 894 1518 62.684 270.18 4.60813445698503 10.9966844996234
"Lucknow" 2004 "Uttar Pradesh" 48 987905 897 1555 63.791 287.904 4.426722769194 12.2566485921614
"Lucknow" 2005 "Uttar Pradesh" 44 1019504 900 1592 64.898 293.472 4.85134018272548 11.9282951915467
"Lucknow" 2006 "Uttar Pradesh" 39 1051099 902 1630 66.005 305.868 4.08131644205985 11.2908275223452
"Lucknow" 2007 "Uttar Pradesh" 57 1082696 905 1667 67.112 293.868 3.79755996024743 14.6409072681237
"Lucknow" 2008 "Uttar Pradesh" 62 1114295 908 1704 68.219 323.076 3.03441328102005 18.7666790610778
"Lucknow" 2009 "Uttar Pradesh" 53 1145892 911 1741 69.326 347.196 2.60051859815623 15.0100108560246
"Lucknow" 2010 "Uttar Pradesh" 66 1177490 914 1779 70.433 373.896 2.54146262511687 10.946124113442
"Lucknow" 2011 "Uttar Pradesh" 48 1209087 917 1816 71.54 394.572 2.59268409909021 9.8914166469492
"Lucknow" 2012 "Uttar Pradesh" 32 1240684 920 1853 72.647 421.5 3.00224082144716 10.1991017976822
"Lucknow" 2013 "Uttar Pradesh" 60 1272282 923 1891 73.754 403.596 2.7675906396339 11.5073505542672
"Lucknow" 2014 "Uttar Pradesh" 52 1303879 926 1928 74.861 396.588 2.68440379696715 12.6695724659889
"Mahoba" 2001 "Uttar Pradesh" 11 150193 866 233 36.41 141.912 7.90461389489969 5.64615278207121
"Mahoba" 2002 "Uttar Pradesh" 13 154937 867 238 38.091 151.896 5.66576935620277 7.18585381762303
"Mahoba" 2003 "Uttar Pradesh" 9 159683 868 242 39.772 162.588 4.32919759675418 2.02931137347852
"Mahoba" 2004 "Uttar Pradesh" 5 164428 870 247 41.453 191.076 4.76806666816772 3.17871111211182
"Mahoba" 2005 "Uttar Pradesh" 4 169174 871 251 43.134 186.3 5.57558877569147 1.55597826298367
"Mahoba" 2006 "Uttar Pradesh" 9 173920 872 256 44.815 199.416 5.58543622891657 1.90412598713065
"Mahoba" 2007 "Uttar Pradesh" 12 178664 873 261 46.496 167.112 3.72827811960565 2.23696687176339
"Mahoba" 2008 "Uttar Pradesh" 17 183410 874 265 48.177 229.74 2.79831906190612 5.23163998530274
"Mahoba" 2009 "Uttar Pradesh" 17 188155 876 270 49.858 243.444 1.90577604987416 4.04977410598259
"Mahoba" 2010 "Uttar Pradesh" 14 192901 877 274 51.539 271.272 2.79863146921156 3.49828933651444
"Mahoba" 2011 "Uttar Pradesh" 15 197645 878 279 53.22 303.264 1.48408941981237 3.53898246262949
"Mahoba" 2012 "Uttar Pradesh" 20 202389 879 284 54.901 332.244 3.24113605171512 5.47640229427727
"Mahoba" 2013 "Uttar Pradesh" 16 207135 880 288 56.582 301.44 3.17306787520433 4.81430987962037
"Mahoba" 2014 "Uttar Pradesh" 14 211880 882 293 58.263 327.624 2.89219503677908 3.64202337964773
"Mahrajganj" 2001 "Uttar Pradesh" 7 469351 934 736 27.93 82.86 1.79402891974619 2.07003336893791
"Mahrajganj" 2002 "Uttar Pradesh" 6 485652 935 753 30.029 86.304 2.07184155636738 1.26112094735406
"Mahrajganj" 2003 "Uttar Pradesh" 4 501956 936 771 32.128 89.892 1.23478295382132 1.19068356261342
"Mahrajganj" 2004 "Uttar Pradesh" 8 518257 937 788 34.227 97.5 1.0794599073478 1.29535188881736
"Mahrajganj" 2005 "Uttar Pradesh" 9 534560 938 805 36.326 97.524 1.26829891099628 1.26829891099628
"Mahrajganj" 2006 "Uttar Pradesh" 12 550861 938 822 38.425 101.58 1.03484274115768 1.07623645080399
"Mahrajganj" 2007 "Uttar Pradesh" 18 567163 939 840 40.524 104.628 1.01323035670572 1.09428878524218
"Mahrajganj" 2008 "Uttar Pradesh" 14 583466 940 857 42.623 105.588 0.952386621348937 0.634924414232624
"Mahrajganj" 2009 "Uttar Pradesh" 17 599767 941 874 44.722 110.268 1.08791266858761 0.738226453684449
"Mahrajganj" 2010 "Uttar Pradesh" 14 616071 942 892 46.821 123.48 0.989106889738168 0.68476630828027
"Mahrajganj" 2011 "Uttar Pradesh" 26 632372 943 909 48.92 124.032 0.819457496788285 0.744961360716623
"Mahrajganj" 2012 "Uttar Pradesh" 20 648673 944 926 51.019 130.26 1.09410467226459 1.89644809859196
"Mahrajganj" 2013 "Uttar Pradesh" 23 664977 945 944 53.118 139.404 1.14267186677589 0.892712395918662
"Mahrajganj" 2014 "Uttar Pradesh" 26 681278 946 961 55.217 138.804 1.15377031160189 0.943993891310641
"Mainpuri" 2001 "Uttar Pradesh" 42 335168 857 579 51.41 121.74 8.51747146333918 5.51130506451358
"Mainpuri" 2002 "Uttar Pradesh" 42 344887 859 589 52.899 127.332 7.58315110137563 3.26753665343828
"Mainpuri" 2003 "Uttar Pradesh" 31 354604 862 599 54.388 133.188 6.55452362268521 1.57794087212792
"Mainpuri" 2004 "Uttar Pradesh" 35 364320 864 608 55.877 136.896 7.58741659816086 2.62871126235494
"Mainpuri" 2005 "Uttar Pradesh" 22 374038 867 618 57.366 145.704 6.528090786335 2.23484189081739
"Mainpuri" 2006 "Uttar Pradesh" 35 383759 869 628 58.855 152.4 6.36837580364561 2.14209004304443
"Mainpuri" 2007 "Uttar Pradesh" 48 393478 871 638 60.344 156.3 6.15506313783979 3.07753156891989
"Mainpuri" 2008 "Uttar Pradesh" 38 403195 874 648 61.833 170.916 5.6102429571815 3.3661457743089
"Mainpuri" 2009 "Uttar Pradesh" 36 412912 876 657 63.322 178.656 4.14205366334271 2.31955005147192
"Mainpuri" 2010 "Uttar Pradesh" 28 422630 879 667 64.811 186.516 3.69688781848281 2.01154190123329
"Mainpuri" 2011 "Uttar Pradesh" 34 432348 881 677 66.3 193.668 4.38847885154579 2.94349191262218
"Mainpuri" 2012 "Uttar Pradesh" 39 442066 883 687 67.789 188.412 4.26734663235228 3.68783042302049
"Mainpuri" 2013 "Uttar Pradesh" 38 451784 886 697 69.278 204.792 3.68217345733787 5.60105258299282
"Mainpuri" 2014 "Uttar Pradesh" 37 461501 888 706 70.767 223.26 2.91000428842737 2.91000428842737
"Mathura" 2001 "Uttar Pradesh" 21 424868 840 621 43.43 171.252 6.02550185199825 5.20603360012649
"Mathura" 2002 "Uttar Pradesh" 29 438966 842 635 44.776 181.692 5.80863247790595 3.63629838047771
"Mathura" 2003 "Uttar Pradesh" 18 453067 845 649 46.122 192.756 4.34893041757597 2.82217824970356
"Mathura" 2004 "Uttar Pradesh" 22 467166 847 664 47.468 195.372 4.35122350966062 2.3569127343995
"Mathura" 2005 "Uttar Pradesh" 23 481264 849 678 48.814 216.96 3.99639436419586 3.50794616412748
"Mathura" 2006 "Uttar Pradesh" 25 495363 852 692 50.16 230.184 4.52423139181453 4.56773361673583
"Mathura" 2007 "Uttar Pradesh" 26 509462 854 706 51.506 269.76 3.53732625015716 3.7077998043816
"Mathura" 2008 "Uttar Pradesh" 31 523561 856 720 52.852 275.268 3.96648942721805 2.63040877804987
"Mathura" 2009 "Uttar Pradesh" 25 537659 858 735 54.198 246.6 3.55866936852844 2.41335049130089
"Mathura" 2010 "Uttar Pradesh" 29 551759 861 749 55.544 269.76 3.00549042991737 2.20402631527274
"Mathura" 2011 "Uttar Pradesh" 36 565858 863 763 56.89 307.092 4.43627158462051 3.57257269203952
"Mathura" 2012 "Uttar Pradesh" 34 579957 865 777 58.236 350.292 3.88460343198944 2.53845372783468
"Mathura" 2013 "Uttar Pradesh" 32 594057 868 791 59.582 355.008 4.0694412468768 4.78536146623475
"Mathura" 2014 "Uttar Pradesh" 48 608155 870 806 60.928 360.384 3.17464419067799 4.06059140668115
"Mau" 2001 "Uttar Pradesh" 16 418598 986 1082 48.66 101.076 2.64293847293173 4.26106406860421
"Mau" 2002 "Uttar Pradesh" 6 430427 985 1103 50.157 106.092 2.43837148589588 3.39251684994209
"Mau" 2003 "Uttar Pradesh" 9 442255 985 1123 51.654 111.36 1.97959557904213 3.59452881457649
"Mau" 2004 "Uttar Pradesh" 9 454084 984 1144 53.151 115.608 2.15027119015462 2.66224052114382
"Mau" 2005 "Uttar Pradesh" 10 465914 983 1164 54.648 122.7 1.71069957046346 2.46541996919734
"Mau" 2006 "Uttar Pradesh" 10 477740 982 1185 56.145 128.796 1.63177309453405 3.31299385859944
"Mau" 2007 "Uttar Pradesh" 14 489568 982 1206 57.642 127.404 1.5550588006609 3.01292642628049
"Mau" 2008 "Uttar Pradesh" 12 501398 981 1226 59.139 133.44 1.28947094439897 2.05360187441317
"Mau" 2009 "Uttar Pradesh" 10 513227 980 1247 60.636 157.716 1.36112148901059 1.59579760780552
"Mau" 2010 "Uttar Pradesh" 17 525055 980 1267 62.133 173.424 1.19928688556727 2.67533228318853
"Mau" 2011 "Uttar Pradesh" 7 536884 979 1288 63.63 166.092 1.26928405126457 3.08254698164253
"Mau" 2012 "Uttar Pradesh" 11 548713 978 1309 65.127 174.84 1.02465954572833 3.25218029731165
"Mau" 2013 "Uttar Pradesh" 11 560541 978 1329 66.624 175.752 1.18213349702234 3.15235599205957
"Mau" 2014 "Uttar Pradesh" 16 572370 977 1350 68.121 182.004 1.20479128281873 2.88289342674482
"Meerut" 2001 "Uttar Pradesh" 34 684575 872 1167 53.12 217.344 9.17473737731291 8.94119860770858
"Meerut" 2002 "Uttar Pradesh" 26 702113 873 1185 54.206 226.728 7.56763657445337 5.69217881469753
"Meerut" 2003 "Uttar Pradesh" 31 719651 875 1203 55.292 236.52 6.26269574980368 5.12697372263721
"Meerut" 2004 "Uttar Pradesh" 19 737187 876 1221 56.378 239.352 7.20042396096282 4.76828075637094
"Meerut" 2005 "Uttar Pradesh" 34 754726 878 1239 57.464 257.388 6.2805843152664 6.15434141445702
"Meerut" 2006 "Uttar Pradesh" 21 772264 879 1256 58.55 268.5 5.75824580799705 4.63772229941384
"Meerut" 2007 "Uttar Pradesh" 38 789801 880 1274 59.636 288.432 5.98583291483664 5.1263287014242
"Meerut" 2008 "Uttar Pradesh" 37 807340 882 1292 60.722 288.528 5.02538880918568 3.78417832016994
"Meerut" 2009 "Uttar Pradesh" 41 824876 883 1310 61.808 306.432 5.22481794495072 3.88129333053482
"Meerut" 2010 "Uttar Pradesh" 43 842414 885 1328 62.894 325.896 4.82890227567909 6.38946215745343
"Meerut" 2011 "Uttar Pradesh" 36 859952 886 1346 63.98 349.428 5.48830048241871 7.17254084210276
"Meerut" 2012 "Uttar Pradesh" 39 877490 887 1364 65.066 323.484 5.78494053968913 7.932814502445
"Meerut" 2013 "Uttar Pradesh" 42 895028 889 1382 66.152 350.172 6.7219618638814 7.99292103982536
"Meerut" 2014 "Uttar Pradesh" 53 912564 890 1400 67.238 385.2 6.29504894400554 7.77132148397144
"Mirzapur" 2001 "Uttar Pradesh" 23 452790 897 476 39.26 87.66 2.07935381244796 3.63886917178392
"Mirzapur" 2002 "Uttar Pradesh" 15 465291 898 485 41.02 92.94 2.13818235906589 1.76632455748922
"Mirzapur" 2003 "Uttar Pradesh" 12 477793 898 494 42.78 98.544 1.41729317120719 2.05736105497817
"Mirzapur" 2004 "Uttar Pradesh" 20 490292 899 503 44.54 105.036 1.61886808743327 1.97861655130733
"Mirzapur" 2005 "Uttar Pradesh" 26 502793 899 512 46.3 110.784 2.21151651648995 2.12305585583035
"Mirzapur" 2006 "Uttar Pradesh" 22 515295 900 522 48.06 117.468 2.2187138507345 1.69666353291462
"Mirzapur" 2007 "Uttar Pradesh" 28 527795 901 531 49.82 122.676 1.71159972528824 1.62601973902383
"Mirzapur" 2008 "Uttar Pradesh" 24 540296 901 540 51.58 134.076 2.14646374307082 2.10437621869688
"Mirzapur" 2009 "Uttar Pradesh" 19 552795 902 549 53.34 136.896 1.32469082957935 1.40748400642806
"Mirzapur" 2010 "Uttar Pradesh" 25 565297 902 558 55.1 149.112 0.692188610810032 0.814339542129449
"Mirzapur" 2011 "Uttar Pradesh" 20 577798 903 567 56.86 157.584 1.1213590872137 0.800970776581216
"Mirzapur" 2012 "Uttar Pradesh" 24 590299 904 576 58.62 173.388 1.06355907834334 0.827212616489262
"Mirzapur" 2013 "Uttar Pradesh" 19 602801 904 585 60.38 172.164 0.891120909997176 0.697398973041268
"Mirzapur" 2014 "Uttar Pradesh" 26 615300 905 594 62.14 187.608 0.95270832110691 0.724058324041251
"Moradabad" 2001 "Uttar Pradesh" 45 809861 875 1025 33.01 181.656 5.58910916159951 4.19839185847851
"Moradabad" 2002 "Uttar Pradesh" 35 840368 878 1051 34.495 184.176 4.56684852815347 3.23271300307493
"Moradabad" 2003 "Uttar Pradesh" 24 870875 881 1077 35.98 186.72 3.91340537009526 2.30790573108182
"Moradabad" 2004 "Uttar Pradesh" 27 901381 884 1102 37.465 165.276 4.75844980497714 3.43393284895258
"Moradabad" 2005 "Uttar Pradesh" 38 931887 887 1128 38.95 191.928 4.02908713116765 2.54216211847483
"Moradabad" 2006 "Uttar Pradesh" 23 962395 890 1154 40.435 194.592 3.5408531204882 2.4152839166244
"Moradabad" 2007 "Uttar Pradesh" 34 992901 894 1180 41.92 202.728 2.98062934842296 2.5679268232567
"Moradabad" 2008 "Uttar Pradesh" 38 1023406 897 1206 43.405 206.976 2.82467700603069 3.72139986508805
"Moradabad" 2009 "Uttar Pradesh" 32 1053913 900 1231 44.89 226.668 2.91530107826685 2.5426686096162
"Moradabad" 2010 "Uttar Pradesh" 41 1084421 903 1257 46.375 220.5 3.77205554094598 2.85047378946486
"Moradabad" 2011 "Uttar Pradesh" 59 1114927 906 1283 47.86 220.344 2.15842142696384 2.32606580964064
"Moradabad" 2012 "Uttar Pradesh" 55 1145433 909 1309 49.345 187.02 1.84406050649376 2.23336216897577
"Moradabad" 2013 "Uttar Pradesh" 57 1175941 912 1335 50.83 208.476 1.78302007941051 2.00339334765225
"Moradabad" 2014 "Uttar Pradesh" 62 1206448 915 1360 52.315 208.212 1.76295951539769 2.35061268719692
"Muzaffarnagar" 2001 "Uttar Pradesh" 24 770042 871 884 47.81 188.484 9.14385829051618 5.22103019674535
"Muzaffarnagar" 2002 "Uttar Pradesh" 37 792871 873 899 48.898 194.7 7.97390560229382 3.52852268812305
"Muzaffarnagar" 2003 "Uttar Pradesh" 29 815702 875 914 49.986 201.12 5.08752735229759 1.61378555798687
"Muzaffarnagar" 2004 "Uttar Pradesh" 23 838534 876 929 51.074 206.484 6.81269714410659 2.55812738612698
"Muzaffarnagar" 2005 "Uttar Pradesh" 20 861364 878 944 52.162 214.608 5.48748773268141 3.04860429593412
"Muzaffarnagar" 2006 "Uttar Pradesh" 39 884194 880 959 53.25 221.688 6.00254977875384 2.19223557137097
"Muzaffarnagar" 2007 "Uttar Pradesh" 34 907024 882 974 54.338 224.172 5.4725818510687 2.28666565608035
"Muzaffarnagar" 2008 "Uttar Pradesh" 28 929854 884 989 55.426 223.092 4.24938959289077 2.30175269614917
"Muzaffarnagar" 2009 "Uttar Pradesh" 27 952686 885 1004 56.514 253.98 4.85575300901053 1.84269601367579
"Muzaffarnagar" 2010 "Uttar Pradesh" 40 975517 887 1019 57.602 264.3 4.11847075297412 2.03472066962412
"Muzaffarnagar" 2011 "Uttar Pradesh" 35 998346 889 1034 58.69 272.472 4.41654326088593 2.24447280471252
"Muzaffarnagar" 2012 "Uttar Pradesh" 28 1021175 891 1049 59.778 268.764 4.30045803441982 2.32842479211681
"Muzaffarnagar" 2013 "Uttar Pradesh" 36 1044006 893 1064 60.866 275.832 5.87103328080591 1.94141737970873
"Muzaffarnagar" 2014 "Uttar Pradesh" 35 1066838 894 1079 61.954 276.696 4.69759572905649 1.95733155377354
"Pilibhit" 2001 "Uttar Pradesh" 44 347869 877 458 35.11 193.392 6.9901038364729 5.59208306917832
"Pilibhit" 2002 "Uttar Pradesh" 33 361331 879 467 36.599 196.704 5.41598644455964 3.45194740422483
"Pilibhit" 2003 "Uttar Pradesh" 13 374791 881 477 38.088 200.052 3.67135862413796 1.63171494406132
"Pilibhit" 2004 "Uttar Pradesh" 21 388253 882 486 39.577 199.368 4.22248622271218 1.9971218620936
"Pilibhit" 2005 "Uttar Pradesh" 20 401714 884 495 41.066 206.94 3.29639324295256 1.39677679786126
"Pilibhit" 2006 "Uttar Pradesh" 16 415176 886 504 42.555 210.48 2.57119474119557 0.65647525307121
"Pilibhit" 2007 "Uttar Pradesh" 18 428636 888 514 44.044 221.016 2.03550019471166 0.964184302758156
"Pilibhit" 2008 "Uttar Pradesh" 35 442097 890 523 45.533 212.196 2.46510564288906 2.46510564288906
"Pilibhit" 2009 "Uttar Pradesh" 27 455559 891 532 47.022 222.24 1.54066904066647 1.07846832846653
"Pilibhit" 2010 "Uttar Pradesh" 30 469019 893 542 48.511 238.296 1.70968966618309 0.452564911636701
"Pilibhit" 2011 "Uttar Pradesh" 39 482481 895 551 50 232.056 2.26488633470983 0.738549891753204
"Pilibhit" 2012 "Uttar Pradesh" 25 495943 897 560 51.489 216.096 2.26587923345788 0.530312161022056
"Pilibhit" 2013 "Uttar Pradesh" 35 509403 899 570 52.978 231.048 11.8484866508624 3.91802546622143
"Pilibhit" 2014 "Uttar Pradesh" 25 522865 900 579 54.467 249.612 2.49593486164663 2.40349282973379
"Pratapgarh" 2001 "Uttar Pradesh" 33 631036 1004 735 41.54 75.552 2.78268612691831 4.7232435575324
"Pratapgarh" 2002 "Uttar Pradesh" 27 649168 1003 748 43.231 79.548 2.30582686050504 1.98156995824652
"Pratapgarh" 2003 "Uttar Pradesh" 24 667300 1003 761 44.922 83.748 1.55989537356303 1.59534754114401
"Pratapgarh" 2004 "Uttar Pradesh" 22 685432 1002 773 46.613 87.732 2.19775542889197 3.10476560589501
"Pratapgarh" 2005 "Uttar Pradesh" 23 703565 1002 786 48.304 92.844 2.05961557275335 2.50586561351657
"Pratapgarh" 2006 "Uttar Pradesh" 30 721696 1001 799 49.995 97.752 2.16177727816703 4.01955462659182
"Pratapgarh" 2007 "Uttar Pradesh" 27 739829 1000 812 51.686 96.348 1.92776914897966 2.79194152610848
"Pratapgarh" 2008 "Uttar Pradesh" 32 757962 1000 825 53.377 111.636 1.56987206196808 3.63032914330119
"Pratapgarh" 2009 "Uttar Pradesh" 27 776094 999 837 55.068 112.632 1.35166273826274 2.86423770727104
"Pratapgarh" 2010 "Uttar Pradesh" 34 794226 999 850 56.759 134.664 1.23503626889843 1.67838262183633
"Pratapgarh" 2011 "Uttar Pradesh" 31 812358 998 863 58.45 121.68 1.80733722824893 1.83849821494288
"Pratapgarh" 2012 "Uttar Pradesh" 24 830490 997 876 60.141 131.232 1.74776125581246 3.09691029538698
"Pratapgarh" 2013 "Uttar Pradesh" 30 848622 997 889 61.832 138.408 1.90083265521883 3.4999458413553
"Pratapgarh" 2014 "Uttar Pradesh" 21 866754 996 901 63.523 146.796 2.13762695500087 4.72059285896026
"Rae Bareli" 2001 "Uttar Pradesh" 29 653636 951 623 39.3 90.408 3.02889461013426 5.57038089220094
"Rae Bareli" 2002 "Uttar Pradesh" 26 671989 950 635 40.999 95.556 2.56702941644576 3.35425177082246
"Rae Bareli" 2003 "Uttar Pradesh" 16 690340 949 646 42.698 101.004 2.32179234293075 2.15354652097924
"Rae Bareli" 2004 "Uttar Pradesh" 23 708692 949 658 44.397 112.824 2.44799580267963 2.18334760779535
"Rae Bareli" 2005 "Uttar Pradesh" 18 727046 948 669 46.096 112.836 2.3416179994972 1.85378091626862
"Rae Bareli" 2006 "Uttar Pradesh" 23 745397 947 681 47.795 119.256 1.69458793376655 1.72656129100743
"Rae Bareli" 2007 "Uttar Pradesh" 31 763749 946 693 49.494 122.772 1.79171022827646 1.98031130493714
"Rae Bareli" 2008 "Uttar Pradesh" 33 782103 945 704 51.193 128.94 1.94687503379991 1.45243058077136
"Rae Bareli" 2009 "Uttar Pradesh" 29 800455 945 716 52.892 136.488 1.8836230821603 1.45828883780152
"Rae Bareli" 2010 "Uttar Pradesh" 20 818806 944 727 54.591 152.88 1.43366649154032 2.80759687926646
"Rae Bareli" 2011 "Uttar Pradesh" 16 837159 943 739 56.29 154.62 1.67373403309119 2.40782790725399
"Rae Bareli" 2012 "Uttar Pradesh" 23 855512 942 751 57.989 162.096 1.81868202134671 4.1569874773639
"Rae Bareli" 2013 "Uttar Pradesh" 23 873863 941 762 59.688 185.652 1.44740841523253 3.83137521679198
"Rae Bareli" 2014 "Uttar Pradesh" 27 892215 941 774 61.387 184.488 2.00889886393979 4.15730459343096
"Rampur" 2001 "Uttar Pradesh" 18 403813 879 813 27.89 154.848 4.62640722052212 3.69072935569742
"Rampur" 2002 "Uttar Pradesh" 11 418995 882 830 29.545 158.304 4.4355122404843 3.5688029521138
"Rampur" 2003 "Uttar Pradesh" 12 434178 885 848 31.2 161.856 3.15018271059721 2.00011600672839
"Rampur" 2004 "Uttar Pradesh" 14 449360 888 865 32.855 155.58 3.62908940752173 2.3049621912638
"Rampur" 2005 "Uttar Pradesh" 13 464542 891 883 34.51 169.188 3.31883627170591 2.02016120886447
"Rampur" 2006 "Uttar Pradesh" 13 479726 894 900 36.165 172.968 2.68894687159901 1.74545674121339
"Rampur" 2007 "Uttar Pradesh" 18 494908 897 917 37.82 184.812 2.63726013656381 1.71190570268177
"Rampur" 2008 "Uttar Pradesh" 21 510090 900 935 39.475 180.912 2.54118766035575 3.67564643730028
"Rampur" 2009 "Uttar Pradesh" 24 525272 903 952 41.13 195.96 3.64949859449798 4.45060804207071
"Rampur" 2010 "Uttar Pradesh" 23 540455 906 970 42.785 195.564 2.96823983377857 2.96823983377857
"Rampur" 2011 "Uttar Pradesh" 26 555637 909 987 44.44 198.048 3.38211137078686 3.72460366149946
"Rampur" 2012 "Uttar Pradesh" 12 570819 912 1004 46.095 180.492 2.14141933273374 2.60329409077435
"Rampur" 2013 "Uttar Pradesh" 19 586002 915 1022 47.75 182.424 2.05907485766645 1.72962288043982
"Rampur" 2014 "Uttar Pradesh" 18 601184 918 1039 49.405 222.444 2.18105503286527 2.14066512484924
"Saharanpur" 2001 "Uttar Pradesh" 21 637629 865 785 50 222.9 3.48653008443962 2.72708788782901
"Saharanpur" 2002 "Uttar Pradesh" 24 659112 868 800 51.174 227.4 3.01763860624427 2.74639019219984
"Saharanpur" 2003 "Uttar Pradesh" 10 680592 870 816 52.348 231.996 2.73084007634363 1.66514638801441
"Saharanpur" 2004 "Uttar Pradesh" 19 702075 872 832 53.522 223.296 3.04207881928089 2.91123671952688
"Saharanpur" 2005 "Uttar Pradesh" 19 723556 875 847 54.696 241.452 2.69880731993654 2.40964939280048
"Saharanpur" 2006 "Uttar Pradesh" 16 745039 878 862 55.87 246.324 2.46145767523527 2.30367192682276
"Saharanpur" 2007 "Uttar Pradesh" 16 766520 880 878 57.044 245.364 2.51066023235076 1.98373154161047
"Saharanpur" 2008 "Uttar Pradesh" 23 788001 882 894 58.218 244.956 1.7048891654598 1.40044467162769
"Saharanpur" 2009 "Uttar Pradesh" 35 809484 885 909 59.392 276.36 2.30252278749987 1.13630994707786
"Saharanpur" 2010 "Uttar Pradesh" 26 830964 888 924 60.566 311.652 1.70351696952555 1.08672634262837
"Saharanpur" 2011 "Uttar Pradesh" 32 852447 890 940 61.74 275.808 2.25018477478824 1.44242613768477
"Saharanpur" 2012 "Uttar Pradesh" 27 873930 892 956 62.914 271.176 1.9834753832287 0.850060878526584
"Saharanpur" 2013 "Uttar Pradesh" 34 895410 895 971 64.088 276.108 2.64397560417626 2.14301180549023
"Saharanpur" 2014 "Uttar Pradesh" 28 916893 898 986 65.262 270.288 2.51493584863367 2.89764347777357
"Sant Kabir Nagar" 2001 "Uttar Pradesh" 7 310774 974 863 34.92 82.824 1.1265812624188 1.26740392022115
"Sant Kabir Nagar" 2002 "Uttar Pradesh" 6 320412 974 881 36.908 85.944 1.52009181354554 1.10552131894221
"Sant Kabir Nagar" 2003 "Uttar Pradesh" 10 330048 974 899 38.896 89.184 1.28826572989407 0.813641513617308
"Sant Kabir Nagar" 2004 "Uttar Pradesh" 4 339686 973 917 40.884 94.536 1.26418380966449 1.33071979964683
"Sant Kabir Nagar" 2005 "Uttar Pradesh" 6 349323 973 935 42.872 96.036 1.04467554989109 1.63230554670483
"Sant Kabir Nagar" 2006 "Uttar Pradesh" 7 358960 973 952 44.86 99.66 1.21736188709033 1.40957692189406
"Sant Kabir Nagar" 2007 "Uttar Pradesh" 7 368597 973 970 46.848 94.452 1.3203527982677 0.943109141619784
"Sant Kabir Nagar" 2008 "Uttar Pradesh" 7 378234 973 988 48.836 104.256 0.740383345817019 1.91265697669397
"Sant Kabir Nagar" 2009 "Uttar Pradesh" 9 387872 972 1006 50.824 109.44 0.665997843377893 1.08981465280019
"Sant Kabir Nagar" 2010 "Uttar Pradesh" 6 397508 972 1024 52.812 121.62 1.18826940443937 1.84181757688103
"Sant Kabir Nagar" 2011 "Uttar Pradesh" 6 407146 972 1042 54.8 132.168 0.991147883345392 1.57417605001915
"Sant Kabir Nagar" 2012 "Uttar Pradesh" 12 416784 972 1060 56.788 129.288 0.915407218901328 1.88802738898399
"Sant Kabir Nagar" 2013 "Uttar Pradesh" 5 426420 972 1078 58.776 129.468 1.45972943353515 0.673721277016223
"Sant Kabir Nagar" 2014 "Uttar Pradesh" 11 436058 971 1096 60.764 122.532 1.54263002993804 1.26716038173482
"Sant Ravidas Nagar Bhadohi" 2001 "Uttar Pradesh" 9 298550 917 1334 38.44 111.12 1.5512981040921 3.61969557621491
"Sant Ravidas Nagar Bhadohi" 2002 "Uttar Pradesh" 4 307241 921 1356 40.199 116.676 2.10964632143153 2.54612487069323
"Sant Ravidas Nagar Bhadohi" 2003 "Uttar Pradesh" 5 315934 925 1378 41.958 122.496 1.28949619383707 2.22079900049717
"Sant Ravidas Nagar Bhadohi" 2004 "Uttar Pradesh" 13 324626 928 1400 43.717 116.808 1.48150342968044 3.03355464172661
"Sant Ravidas Nagar Bhadohi" 2005 "Uttar Pradesh" 8 333318 932 1422 45.476 135.06 1.18105012029343 2.8484149960018
"Sant Ravidas Nagar Bhadohi" 2006 "Uttar Pradesh" 9 342009 936 1444 47.235 141.804 1.29989635036996 1.64197433730942
"Sant Ravidas Nagar Bhadohi" 2007 "Uttar Pradesh" 14 350701 940 1467 48.994 156.468 0.875859099872866 1.41484931517924
"Sant Ravidas Nagar Bhadohi" 2008 "Uttar Pradesh" 11 359393 944 1489 50.753 166.692 1.26060902012197 2.12313098125806
"Sant Ravidas Nagar Bhadohi" 2009 "Uttar Pradesh" 10 368085 947 1511 52.512 156.636 0.588037744182673 1.11073796123394
"Sant Ravidas Nagar Bhadohi" 2010 "Uttar Pradesh" 11 376778 951 1533 54.271 171.12 0.836453411796953 0.643425701382271
"Sant Ravidas Nagar Bhadohi" 2011 "Uttar Pradesh" 11 385469 955 1555 56.03 205.176 0.506902426985458 0.887079247224551
"Sant Ravidas Nagar Bhadohi" 2012 "Uttar Pradesh" 7 394160 959 1577 57.789 178.86 0.623979403687843 1.12316292663812
"Sant Ravidas Nagar Bhadohi" 2013 "Uttar Pradesh" 13 402853 963 1599 59.548 194.712 0.737372949104676 1.41329815245063
"Sant Ravidas Nagar Bhadohi" 2014 "Uttar Pradesh" 23 411545 966 1621 61.307 203.868 1.02870510836803 2.42048260792478
"Shahjahanpur" 2001 "Uttar Pradesh" 66 529635 842 571 36.25 120.324 7.69274546628438 3.25764221276328
"Shahjahanpur" 2002 "Uttar Pradesh" 49 543980 845 582 37.582 126.048 8.10690928715947 3.3971810346192
"Shahjahanpur" 2003 "Uttar Pradesh" 28 558325 848 594 38.914 132.048 6.15122910670484 1.8985275020694
"Shahjahanpur" 2004 "Uttar Pradesh" 41 572671 851 605 40.246 144.408 5.11656238714152 3.0624679981431
"Shahjahanpur" 2005 "Uttar Pradesh" 25 587016 854 617 41.578 144.924 5.10602908159067 1.68976501980698
"Shahjahanpur" 2006 "Uttar Pradesh" 34 601361 857 628 42.91 151.812 4.15505809674493 1.19232101906594
"Shahjahanpur" 2007 "Uttar Pradesh" 56 615706 860 639 44.242 161.916 4.47775833467192 2.98517222311462
"Shahjahanpur" 2008 "Uttar Pradesh" 68 630051 863 651 45.574 157.872 3.9847934688536 1.74771643370772
"Shahjahanpur" 2009 "Uttar Pradesh" 54 644397 866 662 46.906 165.768 3.67870911003088 1.68464248964031
"Shahjahanpur" 2010 "Uttar Pradesh" 50 658742 869 674 48.238 179.436 3.14489016217488 1.35264092996769
"Shahjahanpur" 2011 "Uttar Pradesh" 47 673087 872 685 49.57 204.564 2.89369367691345 1.89586827108122
"Shahjahanpur" 2012 "Uttar Pradesh" 51 687432 875 696 50.902 195.348 2.51903836855298 1.40673571230881
"Shahjahanpur" 2013 "Uttar Pradesh" 43 701777 878 708 52.234 210.984 2.86381467193394 1.51235156832467
"Shahjahanpur" 2014 "Uttar Pradesh" 61 716123 881 719 53.566 223.776 2.78514857501671 1.8673155218862
"Shrawasti" 2001 "Uttar Pradesh" 4 251924 862 604 18.58 92.592 2.97520127236608 4.16528178131251
"Shrawasti" 2002 "Uttar Pradesh" 3 251290 864 612 20.2 93.36 1.53800145255693 3.16144743025591
"Shrawasti" 2003 "Uttar Pradesh" 4 250658 866 619 21.82 94.128 1.28828238462787 1.3741678769364
"Shrawasti" 2004 "Uttar Pradesh" 6 250026 868 627 23.44 112.572 1.46758957907804 1.81290477415523
"Shrawasti" 2005 "Uttar Pradesh" 6 249394 870 635 25.06 95.7 1.82226179133541 2.16935927539929
"Shrawasti" 2006 "Uttar Pradesh" 16 248760 872 642 26.68 96.492 0.959445126716535 1.83166796918611
"Shrawasti" 2007 "Uttar Pradesh" 4 248125 873 650 28.3 78.864 1.66577679117033 2.54250141810208
"Shrawasti" 2008 "Uttar Pradesh" 6 247493 875 658 29.92 87.912 1.76249964750007 2.29124954175009
"Shrawasti" 2009 "Uttar Pradesh" 9 246861 877 666 31.54 86.544 1.06295812387891 1.86017671678809
"Shrawasti" 2010 "Uttar Pradesh" 16 246229 879 673 33.16 110.724 1.6026668376178 1.51362979108347
"Shrawasti" 2011 "Uttar Pradesh" 16 245595 881 681 34.78 101.676 1.61093863129284 2.50590453756664
"Shrawasti" 2012 "Uttar Pradesh" 18 244961 883 689 36.4 113.724 2.15900534623699 1.52929545358453
"Shrawasti" 2013 "Uttar Pradesh" 18 244329 885 696 38.02 105.54 1.89888011284773 3.70733736317891
"Shrawasti" 2014 "Uttar Pradesh" 9 243697 887 704 39.64 98.64 1.36334262527074 3.18113279229839
"Siddharthnagar" 2001 "Uttar Pradesh" 13 441103 948 705 27.08 74.016 0.637228350779502 4.11747549734447
"Siddharthnagar" 2002 "Uttar Pradesh" 6 455336 951 723 29.113 77.832 0.718779454983082 2.06050110428484
"Siddharthnagar" 2003 "Uttar Pradesh" 8 469574 954 741 31.146 81.852 0.468443535455789 0.796354010274841
"Siddharthnagar" 2004 "Uttar Pradesh" 16 483808 956 759 33.179 81.204 1.05326546640198 2.79344319350089
"Siddharthnagar" 2005 "Uttar Pradesh" 12 498043 959 777 35.212 90.528 0.76104727267518 2.01453689825783
"Siddharthnagar" 2006 "Uttar Pradesh" 15 512278 962 794 37.245 95.196 0.743985424887888 1.88184548648113
"Siddharthnagar" 2007 "Uttar Pradesh" 9 526512 965 812 39.278 102.624 0.513392484704113 1.62574286822969
"Siddharthnagar" 2008 "Uttar Pradesh" 16 540748 968 830 41.311 105.66 0.794647588432775 1.38017739043587
"Siddharthnagar" 2009 "Uttar Pradesh" 14 554981 970 848 43.344 105.66 0.572402824399079 1.02214790071264
"Siddharthnagar" 2010 "Uttar Pradesh" 15 569218 973 866 45.377 129.66 0.599539553622818 1.11914050009593
"Siddharthnagar" 2011 "Uttar Pradesh" 17 583452 976 884 47.41 124.728 0.547025218253294 1.05497720663135
"Siddharthnagar" 2012 "Uttar Pradesh" 8 597686 979 902 49.443 126.756 1.03132555892116 1.03132555892116
"Siddharthnagar" 2013 "Uttar Pradesh" 8 611923 982 920 51.476 133.98 0.709477272082293 1.008204544538
"Siddharthnagar" 2014 "Uttar Pradesh" 20 626156 984 938 53.509 137.436 0.620563880845894 1.75218036944723
"Sitapur" 2001 "Uttar Pradesh" 82 765344 864 630 34.59 125.244 4.47555724141018 6.54757448280378
"Sitapur" 2002 "Uttar Pradesh" 83 789313 866 645 36.198 129.276 4.51594724291956 4.62411364394758
"Sitapur" 2003 "Uttar Pradesh" 50 813282 869 660 37.806 133.44 3.4144634554476 1.82634091803011
"Sitapur" 2004 "Uttar Pradesh" 71 837251 871 675 39.414 133.788 3.93800849210805 3.62711308483636
"Sitapur" 2005 "Uttar Pradesh" 70 861221 874 690 41.022 142.164 3.600988192309 2.63734346478969
"Sitapur" 2006 "Uttar Pradesh" 58 885191 876 706 42.63 146.736 3.07790602110401 2.03538946556878
"Sitapur" 2007 "Uttar Pradesh" 61 909160 878 721 44.238 149.496 2.72114661343586 2.11374781579392
"Sitapur" 2008 "Uttar Pradesh" 77 933130 881 736 45.846 153.66 1.95006038052812 2.16409139790316
"Sitapur" 2009 "Uttar Pradesh" 75 957099 883 751 47.454 161.808 2.32774023908686 2.37429504386859
"Sitapur" 2010 "Uttar Pradesh" 45 981068 886 766 49.062 176.976 1.7543875638073 1.59489778527937
"Sitapur" 2011 "Uttar Pradesh" 60 1005037 888 781 50.67 171.168 2.27475874176404 1.98483850997058
"Sitapur" 2012 "Uttar Pradesh" 45 1029006 890 796 52.278 186.612 2.09559172634192 2.48851517503102
"Sitapur" 2013 "Uttar Pradesh" 63 1052975 893 811 53.886 192.468 1.75206262641025 2.79902687877735
"Sitapur" 2014 "Uttar Pradesh" 46 1076944 895 826 55.494 169.08 1.90316965586301 1.75677199002739
"Sonbhadra" 2001 "Uttar Pradesh" 12 319343 898 215 33.7 213.876 2.25483919238493 3.68973686026625
"Sonbhadra" 2002 "Uttar Pradesh" 8 330871 900 220 35.544 218.796 2.20112404067677 2.40122622619284
"Sonbhadra" 2003 "Uttar Pradesh" 11 342402 902 226 37.388 223.836 1.23712333663884 1.23712333663884
"Sonbhadra" 2004 "Uttar Pradesh" 11 353933 904 232 39.232 233.148 2.16106136079491 1.77969759124287
"Sonbhadra" 2005 "Uttar Pradesh" 10 365461 906 237 41.076 234.252 1.48911457247521 1.79934677507421
"Sonbhadra" 2006 "Uttar Pradesh" 10 376990 908 242 42.92 239.64 1.87761920307784 1.5142090347402
"Sonbhadra" 2007 "Uttar Pradesh" 11 388521 910 248 44.764 233.28 2.06939203626994 1.59638814226538
"Sonbhadra" 2008 "Uttar Pradesh" 20 400050 912 254 46.608 252.936 2.25096142025277 2.77041405569571
"Sonbhadra" 2009 "Uttar Pradesh" 11 411580 914 259 48.452 251.148 2.0846538488626 1.40854989788013
"Sonbhadra" 2010 "Uttar Pradesh" 20 423110 916 264 50.296 266.136 0.824997195009537 1.3749953250159
"Sonbhadra" 2011 "Uttar Pradesh" 8 434639 918 270 52.14 281.712 0.966412339152746 1.55699765752387
"Sonbhadra" 2012 "Uttar Pradesh" 17 446168 920 276 53.984 286.056 1.31026429603168 1.83437001444435
"Sonbhadra" 2013 "Uttar Pradesh" 13 457698 922 281 55.828 259.872 1.48369850223194 1.68834657150531
"Sonbhadra" 2014 "Uttar Pradesh" 6 469228 924 286 57.672 291.408 1.59818286608127 1.39841000782111
"Sultanpur" 2001 "Uttar Pradesh" 38 730698 980 725 40.86 103.824 3.20389992385294 4.88361444703798
"Sultanpur" 2002 "Uttar Pradesh" 20 751759 980 738 42.602 108.696 2.60034581540114 3.02863806734957
"Sultanpur" 2003 "Uttar Pradesh" 19 772818 981 751 44.344 113.808 1.86541006226257 2.28663168922509
"Sultanpur" 2004 "Uttar Pradesh" 17 793878 981 764 46.086 130.176 1.74584208473666 3.28455036280966
"Sultanpur" 2005 "Uttar Pradesh" 14 814938 981 777 47.828 124.764 1.65881639085206 2.06624497807889
"Sultanpur" 2006 "Uttar Pradesh" 23 835998 982 790 49.57 130.632 2.20386305710152 2.31834944967822
"Sultanpur" 2007 "Uttar Pradesh" 21 857056 982 804 51.312 133.776 1.66079617442639 2.89935603332064
"Sultanpur" 2008 "Uttar Pradesh" 12 878115 982 817 53.054 139.368 1.49495618394162 1.7164311741552
"Sultanpur" 2009 "Uttar Pradesh" 28 899176 982 830 54.796 139.764 1.03463889332846 2.34155117963809
"Sultanpur" 2010 "Uttar Pradesh" 16 920236 983 843 56.538 149.736 0.856890915911956 1.79411535519066
"Sultanpur" 2011 "Uttar Pradesh" 14 941296 983 856 58.28 157.668 1.07976657026897 1.55381043038705
"Sultanpur" 2012 "Uttar Pradesh" 15 962356 983 869 60.022 183.672 1.13964364379298 2.79730712567368
"Sultanpur" 2013 "Uttar Pradesh" 15 983416 984 882 61.764 190.596 0.993462507234445 2.5473397621396
"Sultanpur" 2014 "Uttar Pradesh" 21 1004477 984 895 63.506 186.516 1.32780166150578 2.98129052300354
"Unnao" 2001 "Uttar Pradesh" 63 591442 898 592 41.59 127.512 5.4437911895017 3.14777041569826
"Unnao" 2002 "Uttar Pradesh" 57 605225 899 601 43.107 132.972 4.60090272632699 2.44651176717387
"Unnao" 2003 "Uttar Pradesh" 42 619006 900 610 44.624 138.672 3.99653633517618 1.40418844208893
"Unnao" 2004 "Uttar Pradesh" 29 632790 901 619 46.141 142.404 4.36670990774526 1.7395836217847
"Unnao" 2005 "Uttar Pradesh" 40 646572 902 628 47.658 150.828 3.57057093429239 2.45039181765164
"Unnao" 2006 "Uttar Pradesh" 37 660354 902 637 49.175 157.296 3.31357727935286 1.51872291970339
"Unnao" 2007 "Uttar Pradesh" 52 674138 903 646 50.692 159.696 3.19920496353247 1.39539790962586
"Unnao" 2008 "Uttar Pradesh" 52 687921 904 655 52.209 168.792 1.94639363462164 1.61080852520412
"Unnao" 2009 "Uttar Pradesh" 40 701704 905 664 53.726 175.632 1.81992593894115 1.65447812631014
"Unnao" 2010 "Uttar Pradesh" 26 715484 906 673 55.243 196.344 1.5008494481605 1.69661241965969
"Unnao" 2011 "Uttar Pradesh" 30 729268 907 682 56.76 206.244 1.96244523249668 1.83376029921821
"Unnao" 2012 "Uttar Pradesh" 44 743052 908 691 58.277 199.068 1.90330029098289 2.85495043647434
"Unnao" 2013 "Uttar Pradesh" 44 756832 909 700 59.794 219.972 2.81505554260978 2.12693085441627
"Unnao" 2014 "Uttar Pradesh" 31 770615 910 709 61.311 203.556 2.37478044846341 2.5289869710909
"Varanasi" 2001 "Uttar Pradesh" 31 705809 903 2045 53.05 101.424 2.48512825969973 5.12955961296995
"Varanasi" 2002 "Uttar Pradesh" 34 727257 904 2080 54.414 108.6 2.44610954117571 4.26501150769098
"Varanasi" 2003 "Uttar Pradesh" 21 748704 905 2115 55.778 116.268 2.28423121111791 2.43857115781507
"Varanasi" 2004 "Uttar Pradesh" 30 770152 906 2150 57.142 136.14 2.43066675011956 4.01060013769727
"Varanasi" 2005 "Uttar Pradesh" 19 791600 907 2185 58.506 133.296 2.18315928868483 2.96072287095615
"Varanasi" 2006 "Uttar Pradesh" 23 813048 908 2220 59.87 142.716 2.14888158072907 3.62071827985856
"Varanasi" 2007 "Uttar Pradesh" 35 834493 909 2255 61.234 141.708 1.91232067647475 5.27336913815764
"Varanasi" 2008 "Uttar Pradesh" 36 855940 910 2290 62.598 149.7 1.65413846907203 4.47758171800533
"Varanasi" 2009 "Uttar Pradesh" 29 877389 911 2325 63.962 181.224 0.898299070709611 3.05983120960461
"Varanasi" 2010 "Uttar Pradesh" 26 898837 912 2360 65.326 192.936 0.884195041268422 1.76839008253684
"Varanasi" 2011 "Uttar Pradesh" 41 920284 913 2395 66.69 203.52 1.30546847144057 2.06699174644756
"Varanasi" 2012 "Uttar Pradesh" 35 941731 914 2430 68.054 207.852 1.57944388583887 2.51640212320091
"Varanasi" 2013 "Uttar Pradesh" 36 963179 915 2465 69.418 228.96 1.55464525366804 4.71663560011151
"Varanasi" 2014 "Uttar Pradesh" 42 984628 916 2500 70.782 253.992 1.34868272601977 3.26796198997099
